0 0.9182692307692307 0.984375 0.028846153846153848 0.026442307692307692
1 0.8966346153846154 0.9819711538461539 0.019230769230769232 0.03125
0 0.875 0.9783653846153846 0.028846153846153848 0.038461538461538464
5 0.8533653846153846 0.9795673076923077 0.02403846153846154 0.036057692307692304
5 0.8317307692307693 0.9771634615384616 0.02403846153846154 0.040865384615384616
3 0.8112980769230769 0.9759615384615384 0.026442307692307692 0.04326923076923077
6 0.7896634615384616 0.9747596153846154 0.026442307692307692 0.04567307692307692
0 0.7680288461538461 0.9723557692307693 0.021634615384615384 0.05048076923076923
8 0.7475961538461539 0.9747596153846154 0.028846153846153848 0.04567307692307692
9 0.7247596153846154 0.9723557692307693 0.026442307692307692 0.05048076923076923
8 0.703125 0.9711538461538461 0.021634615384615384 0.052884615384615384
2 0.6802884615384616 0.9711538461538461 0.028846153846153848 0.052884615384615384
9 0.6598557692307693 0.9675480769230769 0.026442307692307692 0.06009615384615385
0 0.6574519230769231 0.7992788461538461 0.026442307692307692 0.07451923076923077
1 0.6394230769230769 0.8016826923076923 0.02403846153846154 0.08173076923076923
0 0.6201923076923077 0.8052884615384616 0.03125 0.10096153846153846
2 0.6033653846153846 0.7956730769230769 0.026442307692307692 0.07932692307692307
0 0.5853365384615384 0.7932692307692307 0.02403846153846154 0.0673076923076923
2 0.8786057692307693 0.40865384615384615 0.026442307692307692 0.0673076923076923
2 0.8605769230769231 0.4074519230769231 0.026442307692307692 0.07451923076923077
4 0.8413461538461539 0.4026442307692308 0.028846153846153848 0.07932692307692307
3 0.7247596153846154 0.3918269230769231 0.03125 0.0673076923076923
3 0.22235576923076922 0.203125 0.026442307692307692 0.07211538461538461
0 0.20432692307692307 0.19591346153846154 0.026442307692307692 0.0673076923076923
0 0.18509615384615385 0.1971153846153846 0.02403846153846154 0.07451923076923077
0 0.16706730769230768 0.19471153846153846 0.026442307692307692 0.07932692307692307
0 0.14783653846153846 0.1935096153846154 0.02403846153846154 0.07932692307692307
0 0.5588942307692307 0.09134615384615384 0.03125 0.08173076923076923
3 0.5408653846153846 0.09014423076923077 0.02403846153846154 0.08173076923076923
0 0.5240384615384616 0.08533653846153846 0.026442307692307692 0.07932692307692307
5 0.5060096153846154 0.08774038461538461 0.026442307692307692 0.08653846153846154
5 0.48677884615384615 0.0829326923076923 0.02403846153846154 0.07692307692307693
3 0.4699519230769231 0.08413461538461539 0.026442307692307692 0.0889423076923077
3 0.453125 0.07932692307692307 0.026442307692307692 0.07932692307692307
0 0.4338942307692308 0.07692307692307693 0.028846153846153848 0.08173076923076923
0 0.4170673076923077 0.07572115384615384 0.02403846153846154 0.08173076923076923
0 0.39783653846153844 0.07451923076923077 0.026442307692307692 0.09375
2 0.38100961538461536 0.0733173076923077 0.026442307692307692 0.07932692307692307
4 0.3629807692307692 0.07451923076923077 0.026442307692307692 0.08173076923076923
8 0.3449519230769231 0.07211538461538461 0.028846153846153848 0.0889423076923077