0 0.9278846153846154 0.018028846153846152 0.028846153846153848 0.036057692307692304
1 0.9038461538461539 0.021634615384615384 0.019230769230769232 0.04326923076923077
0 0.8858173076923077 0.02403846153846154 0.026442307692307692 0.04807692307692308
5 0.8629807692307693 0.02283653846153846 0.02403846153846154 0.04567307692307692
5 0.8413461538461539 0.025240384615384616 0.02403846153846154 0.05048076923076923
3 0.8197115384615384 0.026442307692307692 0.02403846153846154 0.052884615384615384
6 0.7980769230769231 0.026442307692307692 0.02403846153846154 0.052884615384615384
0 0.7752403846153846 0.028846153846153848 0.021634615384615384 0.057692307692307696
8 0.7560096153846154 0.026442307692307692 0.026442307692307692 0.052884615384615384
9 0.7331730769230769 0.028846153846153848 0.02403846153846154 0.057692307692307696
8 0.7103365384615384 0.030048076923076924 0.021634615384615384 0.06009615384615385
2 0.6887019230769231 0.030048076923076924 0.026442307692307692 0.06009615384615385
9 0.6682692307692307 0.03245192307692308 0.02403846153846154 0.06490384615384616
0 0.6622596153846154 0.203125 0.026442307692307692 0.07451923076923077
1 0.6442307692307693 0.20072115384615385 0.021634615384615384 0.08173076923076923
0 0.6262019230769231 0.1971153846153846 0.028846153846153848 0.10096153846153846
2 0.6081730769230769 0.20552884615384615 0.026442307692307692 0.07932692307692307
0 0.5901442307692307 0.20793269230769232 0.021634615384615384 0.0673076923076923
2 0.8762019230769231 0.5973557692307693 0.02403846153846154 0.0673076923076923
2 0.8581730769230769 0.5985576923076923 0.026442307692307692 0.07451923076923077
4 0.8401442307692307 0.6021634615384616 0.026442307692307692 0.07932692307692307
3 0.7223557692307693 0.6117788461538461 0.03125 0.0673076923076923
3 0.21634615384615385 0.7920673076923077 0.026442307692307692 0.07211538461538461
0 0.19951923076923078 0.7992788461538461 0.02403846153846154 0.0673076923076923
0 0.18028846153846154 0.796875 0.02403846153846154 0.07451923076923077
0 0.1622596153846154 0.7992788461538461 0.026442307692307692 0.07932692307692307
0 0.14302884615384615 0.8004807692307693 0.02403846153846154 0.07692307692307693
0 0.5516826923076923 0.9098557692307693 0.03125 0.08173076923076923
3 0.5336538461538461 0.9110576923076923 0.02403846153846154 0.08173076923076923
0 0.5168269230769231 0.9146634615384616 0.026442307692307692 0.07932692307692307
5 0.4987980769230769 0.9122596153846154 0.02403846153846154 0.08413461538461539
5 0.4795673076923077 0.9170673076923077 0.021634615384615384 0.07692307692307693
3 0.46274038461538464 0.9158653846153846 0.02403846153846154 0.0889423076923077
3 0.44591346153846156 0.9194711538461539 0.026442307692307692 0.07932692307692307
0 0.4266826923076923 0.921875 0.026442307692307692 0.08173076923076923
0 0.40865384615384615 0.9230769230769231 0.02403846153846154 0.08173076923076923
0 0.3894230769230769 0.9230769230769231 0.02403846153846154 0.09134615384615384
2 0.37259615384615385 0.9242788461538461 0.026442307692307692 0.07932692307692307
4 0.3557692307692308 0.9230769230769231 0.026442307692307692 0.08173076923076923
8 0.33653846153846156 0.9242788461538461 0.026442307692307692 0.0889423076923077