5 0.22235576923076922 0.006009615384615385 0.03125 0.01201923076923077
3 0.2439903846153846 0.008413461538461538 0.03125 0.016826923076923076
6 0.2644230769230769 0.010817307692307692 0.03365384615384615 0.021634615384615384
0 0.2860576923076923 0.014423076923076924 0.028846153846153848 0.028846153846153848
8 0.3076923076923077 0.013221153846153846 0.03365384615384615 0.026442307692307692
9 0.328125 0.016826923076923076 0.03125 0.03365384615384615
8 0.3485576923076923 0.019230769230769232 0.028846153846153848 0.038461538461538464
2 0.3701923076923077 0.021634615384615384 0.03365384615384615 0.04326923076923077
9 0.39302884615384615 0.025240384615384616 0.03125 0.05048076923076923
0 0.375 0.18509615384615385 0.03365384615384615 0.07692307692307693
1 0.39302884615384615 0.18509615384615385 0.03125 0.08173076923076923
0 0.41225961538461536 0.18389423076923078 0.040865384615384616 0.10096153846153846
2 0.42788461538461536 0.19471153846153846 0.03365384615384615 0.07932692307692307
0 0.44591346153846156 0.19951923076923078 0.03125 0.0673076923076923
2 0.1141826923076923 0.5516826923076923 0.03365384615384615 0.06971153846153846
2 0.13221153846153846 0.5540865384615384 0.03365384615384615 0.07692307692307693
4 0.1502403846153846 0.5600961538461539 0.036057692307692304 0.07932692307692307
3 0.265625 0.5841346153846154 0.038461538461538464 0.06971153846153846
3 0.7451923076923077 0.8245192307692307 0.03365384615384615 0.07211538461538461
0 0.7620192307692307 0.8341346153846154 0.03365384615384615 0.06971153846153846
0 0.78125 0.8341346153846154 0.03125 0.07451923076923077
0 0.7992788461538461 0.8389423076923077 0.03365384615384615 0.07932692307692307
0 0.8185096153846154 0.8425480769230769 0.03125 0.07932692307692307
0 0.39903846153846156 0.9002403846153846 0.040865384615384616 0.08413461538461539
3 0.4170673076923077 0.9038461538461539 0.03365384615384615 0.08173076923076923
0 0.4326923076923077 0.9098557692307693 0.03365384615384615 0.07932692307692307
5 0.45072115384615385 0.9086538461538461 0.03365384615384615 0.08653846153846154
5 0.46875 0.9158653846153846 0.03125 0.07932692307692307
3 0.48677884615384615 0.9170673076923077 0.03365384615384615 0.0889423076923077
3 0.5024038461538461 0.9230769230769231 0.03365384615384615 0.07932692307692307
0 0.5204326923076923 0.9278846153846154 0.036057692307692304 0.08413461538461539
0 0.5384615384615384 0.9314903846153846 0.03365384615384615 0.08173076923076923
0 0.5576923076923077 0.9338942307692307 0.036057692307692304 0.09375
2 0.5745192307692307 0.9362980769230769 0.03365384615384615 0.07932692307692307
4 0.5913461538461539 0.9375 0.036057692307692304 0.08413461538461539
8 0.6105769230769231 0.9411057692307693 0.036057692307692304 0.0889423076923077