0 0.9603365384615384 0.9603365384615384 0.02403846153846154 0.052884615384615384
1 0.9375 0.9603365384615384 0.01201923076923077 0.057692307692307696
0 0.9170673076923077 0.9579326923076923 0.019230769230769232 0.0625
5 0.8942307692307693 0.9579326923076923 0.016826923076923076 0.055288461538461536
5 0.8725961538461539 0.9567307692307693 0.016826923076923076 0.057692307692307696
3 0.8509615384615384 0.9567307692307693 0.019230769230769232 0.057692307692307696
6 0.8293269230769231 0.9603365384615384 0.019230769230769232 0.0673076923076923
0 0.8076923076923077 0.9567307692307693 0.014423076923076924 0.0673076923076923
8 0.7872596153846154 0.9615384615384616 0.019230769230769232 0.0625
9 0.7644230769230769 0.9579326923076923 0.019230769230769232 0.0625
8 0.7427884615384616 0.9579326923076923 0.014423076923076924 0.0625
2 0.7211538461538461 0.9567307692307693 0.019230769230769232 0.057692307692307696
9 0.6995192307692307 0.9579326923076923 0.016826923076923076 0.06971153846153846
0 0.6826923076923077 0.7848557692307693 0.019230769230769232 0.07211538461538461
1 0.6646634615384616 0.7884615384615384 0.016826923076923076 0.08173076923076923
0 0.6466346153846154 0.7932692307692307 0.02403846153846154 0.0985576923076923
2 0.6286057692307693 0.7860576923076923 0.019230769230769232 0.07692307692307693
0 0.6105769230769231 0.7848557692307693 0.019230769230769232 0.0673076923076923
2 0.8689903846153846 0.3762019230769231 0.019230769230769232 0.0673076923076923
2 0.8509615384615384 0.3762019230769231 0.019230769230769232 0.07211538461538461
4 0.8317307692307693 0.3737980769230769 0.021634615384615384 0.07692307692307693
3 0.7139423076923077 0.37259615384615385 0.026442307692307692 0.0673076923076923
3 0.1971153846153846 0.2283653846153846 0.019230769230769232 0.06971153846153846
0 0.17908653846153846 0.22235576923076922 0.019230769230769232 0.0673076923076923
0 0.15985576923076922 0.22596153846153846 0.019230769230769232 0.07211538461538461
0 0.14182692307692307 0.2247596153846154 0.019230769230769232 0.07692307692307693
0 0.12259615384615384 0.2247596153846154 0.019230769230769232 0.07692307692307693
0 0.5228365384615384 0.08774038461538461 0.02403846153846154 0.08173076923076923
3 0.5048076923076923 0.08774038461538461 0.019230769230769232 0.08173076923076923
0 0.4879807692307692 0.08533653846153846 0.019230769230769232 0.07692307692307693
5 0.4699519230769231 0.0889423076923077 0.019230769230769232 0.08413461538461539
5 0.45072115384615385 0.08533653846153846 0.016826923076923076 0.07692307692307693
3 0.4338942307692308 0.08774038461538461 0.019230769230769232 0.08653846153846154
3 0.4170673076923077 0.08533653846153846 0.019230769230769232 0.07692307692307693
0 0.39783653846153844 0.08413461538461539 0.021634615384615384 0.08173076923076923
0 0.3798076923076923 0.08413461538461539 0.019230769230769232 0.08173076923076923
0 0.3605769230769231 0.08533653846153846 0.019230769230769232 0.09134615384615384
2 0.34375 0.08533653846153846 0.019230769230769232 0.07692307692307693
4 0.3269230769230769 0.08774038461538461 0.019230769230769232 0.08173076923076923
8 0.3076923076923077 0.08774038461538461 0.019230769230769232 0.08653846153846154