1 0.8689903846153846 0.9915865384615384 0.021634615384615384 0.01201923076923077
0 0.8497596153846154 0.9879807692307693 0.03125 0.019230769230769232
5 0.828125 0.9879807692307693 0.026442307692307692 0.019230769230769232
5 0.8064903846153846 0.9855769230769231 0.026442307692307692 0.02403846153846154
3 0.7836538461538461 0.984375 0.028846153846153848 0.026442307692307692
6 0.7620192307692307 0.9819711538461539 0.028846153846153848 0.03125
0 0.7415865384615384 0.9795673076923077 0.026442307692307692 0.036057692307692304
8 0.7199519230769231 0.9807692307692307 0.03125 0.03365384615384615
9 0.6995192307692307 0.9771634615384616 0.028846153846153848 0.040865384615384616
8 0.6766826923076923 0.9759615384615384 0.026442307692307692 0.04326923076923077
2 0.6550480769230769 0.9747596153846154 0.03125 0.04567307692307692
9 0.6346153846153846 0.9711538461538461 0.028846153846153848 0.052884615384615384
0 0.6418269230769231 0.8076923076923077 0.03125 0.07451923076923077
1 0.6225961538461539 0.8088942307692307 0.028846153846153848 0.08173076923076923
0 0.6045673076923077 0.8112980769230769 0.036057692307692304 0.10096153846153846
2 0.5877403846153846 0.8016826923076923 0.03125 0.07932692307692307
0 0.5697115384615384 0.796875 0.026442307692307692 0.0673076923076923
2 0.8822115384615384 0.42908653846153844 0.028846153846153848 0.0673076923076923
2 0.8641826923076923 0.4266826923076923 0.03125 0.07451923076923077
4 0.8461538461538461 0.4206730769230769 0.03125 0.07932692307692307
3 0.7295673076923077 0.40384615384615385 0.036057692307692304 0.06971153846153846
3 0.23798076923076922 0.18870192307692307 0.028846153846153848 0.07211538461538461
0 0.22115384615384615 0.18028846153846154 0.028846153846153848 0.0673076923076923
0 0.20072115384615385 0.1814903846153846 0.028846153846153848 0.07451923076923077
0 0.18389423076923078 0.1778846153846154 0.03125 0.07932692307692307
0 0.16466346153846154 0.17548076923076922 0.028846153846153848 0.07932692307692307
0 0.5805288461538461 0.09495192307692307 0.036057692307692304 0.08413461538461539
3 0.5625 0.09254807692307693 0.028846153846153848 0.08173076923076923
0 0.5456730769230769 0.08774038461538461 0.03125 0.07932692307692307
5 0.5276442307692307 0.0889423076923077 0.028846153846153848 0.08653846153846154
5 0.5084134615384616 0.0829326923076923 0.026442307692307692 0.07932692307692307
3 0.49158653846153844 0.0829326923076923 0.03125 0.0889423076923077
3 0.47596153846153844 0.078125 0.03125 0.07932692307692307
0 0.4567307692307692 0.07451923076923077 0.03365384615384615 0.08173076923076923
0 0.4387019230769231 0.07091346153846154 0.028846153846153848 0.08173076923076923
0 0.41947115384615385 0.06971153846153846 0.03125 0.09375
2 0.4026442307692308 0.0673076923076923 0.03125 0.07932692307692307
4 0.3858173076923077 0.0673076923076923 0.03125 0.08173076923076923
8 0.36658653846153844 0.06490384615384616 0.03125 0.0889423076923077