5 0.8100961538461539 0.006009615384615385 0.028846153846153848 0.01201923076923077
5 0.7884615384615384 0.008413461538461538 0.028846153846153848 0.016826923076923076
3 0.7680288461538461 0.010817307692307692 0.03125 0.021634615384615384
6 0.7439903846153846 0.01201923076923077 0.03125 0.02403846153846154
0 0.7235576923076923 0.015625 0.028846153846153848 0.03125
8 0.7043269230769231 0.014423076923076924 0.03365384615384615 0.028846153846153848
9 0.6814903846153846 0.019230769230769232 0.03125 0.038461538461538464
8 0.6598557692307693 0.020432692307692308 0.026442307692307692 0.040865384615384616
2 0.6394230769230769 0.02283653846153846 0.03365384615384615 0.04567307692307692
9 0.6165865384615384 0.026442307692307692 0.03125 0.052884615384615384
0 0.6310096153846154 0.1875 0.03365384615384615 0.07692307692307693
1 0.6117788461538461 0.1875 0.03125 0.08173076923076923
0 0.59375 0.18629807692307693 0.038461538461538464 0.10096153846153846
2 0.5769230769230769 0.19591346153846154 0.03365384615384615 0.07932692307692307
0 0.5588942307692307 0.20072115384615385 0.028846153846153848 0.0673076923076923
2 0.8846153846153846 0.5576923076923077 0.03125 0.06971153846153846
2 0.8665865384615384 0.5612980769230769 0.03365384615384615 0.07692307692307693
4 0.8485576923076923 0.5661057692307693 0.03365384615384615 0.07932692307692307
3 0.7331730769230769 0.5877403846153846 0.038461538461538464 0.06971153846153846
3 0.24879807692307693 0.8197115384615384 0.03125 0.07211538461538461
0 0.23197115384615385 0.8293269230769231 0.03125 0.06971153846153846
0 0.2127403846153846 0.8293269230769231 0.03125 0.07451923076923077
0 0.19471153846153846 0.8329326923076923 0.03365384615384615 0.07932692307692307
0 0.17668269230769232 0.8365384615384616 0.03125 0.07932692307692307
0 0.59375 0.9014423076923077 0.038461538461538464 0.08413461538461539
3 0.5769230769230769 0.9050480769230769 0.03125 0.08173076923076923
0 0.5600961538461539 0.9098557692307693 0.03365384615384615 0.07932692307692307
5 0.5420673076923077 0.9098557692307693 0.03125 0.08653846153846154
5 0.5240384615384616 0.9170673076923077 0.028846153846153848 0.07932692307692307
3 0.5060096153846154 0.9170673076923077 0.03365384615384615 0.0889423076923077
3 0.49038461538461536 0.9230769230769231 0.03365384615384615 0.07932692307692307
0 0.47115384615384615 0.9278846153846154 0.036057692307692304 0.08413461538461539
0 0.4543269230769231 0.9302884615384616 0.03125 0.08173076923076923
0 0.43509615384615385 0.9326923076923077 0.03365384615384615 0.09375
2 0.4182692307692308 0.9350961538461539 0.03365384615384615 0.07932692307692307
4 0.4014423076923077 0.9362980769230769 0.03365384615384615 0.08173076923076923
8 0.38221153846153844 0.9399038461538461 0.036057692307692304 0.0889423076923077