0 0.6850961538461539 0.8569711538461539 0.019230769230769232 0.09254807692307693
1 0.6634615384615384 0.8533653846153846 0.018028846153846152 0.09254807692307693
2 0.6442307692307693 0.8569711538461539 0.01201923076923077 0.10817307692307693
3 0.625 0.8533653846153846 0.019230769230769232 0.09254807692307693
3 0.6057692307692307 0.8473557692307693 0.014423076923076924 0.1201923076923077
3 0.5865384615384616 0.84375 0.018028846153846152 0.12860576923076922
2 0.5637019230769231 0.8449519230769231 0.019230769230769232 0.10817307692307693
3 0.7079326923076923 0.6610576923076923 0.021634615384615384 0.08413461538461539
2 0.6875 0.6550480769230769 0.014423076923076924 0.0889423076923077
2 0.6586538461538461 0.6586538461538461 0.015625 0.08052884615384616
3 0.6394230769230769 0.6610576923076923 0.021634615384615384 0.09254807692307693
1 0.609375 0.6622596153846154 0.018028846153846152 0.0889423076923077
4 0.5913461538461539 0.6586538461538461 0.019230769230769232 0.0889423076923077
0 0.5709134615384616 0.6586538461538461 0.018028846153846152 0.09615384615384616
1 0.5492788461538461 0.6622596153846154 0.018028846153846152 0.08052884615384616
5 0.7103365384615384 0.40384615384615385 0.02283653846153846 0.08413461538461539
3 0.6862980769230769 0.39783653846153844 0.025240384615384616 0.09615384615384616
5 0.29447115384615385 0.3629807692307692 0.02283653846153846 0.10096153846153846
2 0.27283653846153844 0.359375 0.018028846153846152 0.10817307692307693
2 0.24639423076923078 0.35096153846153844 0.018028846153846152 0.125
3 0.22596153846153846 0.3629807692307692 0.019230769230769232 0.11658653846153846
1 0.1971153846153846 0.36177884615384615 0.015625 0.11298076923076923
4 0.1778846153846154 0.359375 0.015625 0.125
0 0.15865384615384615 0.3557692307692308 0.018028846153846152 0.10817307692307693
1 0.13942307692307693 0.3629807692307692 0.018028846153846152 0.10096153846153846
2 0.6598557692307693 0.24879807692307693 0.018028846153846152 0.11298076923076923
6 0.6394230769230769 0.24639423076923078 0.019230769230769232 0.10096153846153846
3 0.6189903846153846 0.2403846153846154 0.015625 0.1045673076923077
7 0.5985576923076923 0.24519230769230768 0.015625 0.1045673076923077
3 0.5793269230769231 0.24639423076923078 0.014423076923076924 0.08413461538461539
0 0.5600961538461539 0.2403846153846154 0.019230769230769232 0.1045673076923077
8 0.5408653846153846 0.2536057692307692 0.015625 0.0889423076923077
3 0.5216346153846154 0.24639423076923078 0.019230769230769232 0.07572115384615384