0 0.039663461538461536 0.039663461538461536 0.02283653846153846 0.051682692307692304
1 0.0625 0.039663461538461536 0.01201923076923077 0.05889423076923077
0 0.0829326923076923 0.042067307692307696 0.020432692307692308 0.0625
5 0.10576923076923077 0.042067307692307696 0.016826923076923076 0.055288461538461536
5 0.12740384615384615 0.04326923076923077 0.016826923076923076 0.05889423076923077
3 0.14903846153846154 0.04326923076923077 0.018028846153846152 0.05889423076923077
6 0.17067307692307693 0.039663461538461536 0.018028846153846152 0.06610576923076923
0 0.19230769230769232 0.04326923076923077 0.014423076923076924 0.06610576923076923
8 0.2127403846153846 0.038461538461538464 0.020432692307692308 0.0625
9 0.23557692307692307 0.042067307692307696 0.018028846153846152 0.0625
8 0.25721153846153844 0.042067307692307696 0.014423076923076924 0.0625
2 0.27884615384615385 0.04326923076923077 0.020432692307692308 0.05889423076923077
9 0.3004807692307692 0.042067307692307696 0.016826923076923076 0.06971153846153846
0 0.3173076923076923 0.21514423076923078 0.020432692307692308 0.0733173076923077
1 0.33533653846153844 0.21153846153846154 0.016826923076923076 0.08052884615384616
0 0.35336538461538464 0.20673076923076922 0.02283653846153846 0.0985576923076923
2 0.3713942307692308 0.21394230769230768 0.020432692307692308 0.07692307692307693
0 0.3894230769230769 0.21514423076923078 0.018028846153846152 0.06610576923076923
2 0.1310096153846154 0.6237980769230769 0.020432692307692308 0.06610576923076923
2 0.14903846153846154 0.6237980769230769 0.020432692307692308 0.0733173076923077
4 0.16826923076923078 0.6262019230769231 0.021634615384615384 0.07692307692307693
3 0.2860576923076923 0.6274038461538461 0.026442307692307692 0.06610576923076923
3 0.8028846153846154 0.7716346153846154 0.020432692307692308 0.06971153846153846
0 0.8209134615384616 0.7776442307692307 0.020432692307692308 0.06610576923076923
0 0.8401442307692307 0.7740384615384616 0.018028846153846152 0.0733173076923077
0 0.8581730769230769 0.7752403846153846 0.020432692307692308 0.07692307692307693
0 0.8774038461538461 0.7752403846153846 0.018028846153846152 0.07692307692307693
0 0.47716346153846156 0.9122596153846154 0.025240384615384616 0.08052884615384616
3 0.4951923076923077 0.9122596153846154 0.018028846153846152 0.08052884615384616
0 0.5120192307692307 0.9146634615384616 0.020432692307692308 0.07692307692307693
5 0.5300480769230769 0.9110576923076923 0.018028846153846152 0.08413461538461539
5 0.5492788461538461 0.9146634615384616 0.016826923076923076 0.07692307692307693
3 0.5661057692307693 0.9122596153846154 0.018028846153846152 0.08774038461538461
3 0.5829326923076923 0.9146634615384616 0.020432692307692308 0.07692307692307693
0 0.6021634615384616 0.9158653846153846 0.021634615384615384 0.08052884615384616
0 0.6201923076923077 0.9158653846153846 0.018028846153846152 0.08052884615384616
0 0.6394230769230769 0.9146634615384616 0.018028846153846152 0.09134615384615384
2 0.65625 0.9146634615384616 0.020432692307692308 0.07692307692307693
4 0.6730769230769231 0.9122596153846154 0.020432692307692308 0.08052884615384616
8 0.6923076923076923 0.9122596153846154 0.020432692307692308 0.08774038461538461