0 0.9507211538461539 0.9723557692307693 0.019230769230769232 0.052884615384615384
1 0.9290865384615384 0.96875 0.01201923076923077 0.055288461538461536
0 0.9098557692307693 0.96875 0.016826923076923076 0.057692307692307696
5 0.8870192307692307 0.96875 0.019230769230769232 0.057692307692307696
5 0.8653846153846154 0.96875 0.019230769230769232 0.057692307692307696
3 0.84375 0.9639423076923077 0.014423076923076924 0.0625
6 0.8221153846153846 0.96875 0.019230769230769232 0.057692307692307696
0 0.7992788461538461 0.9699519230769231 0.016826923076923076 0.055288461538461536
8 0.7788461538461539 0.9663461538461539 0.019230769230769232 0.055288461538461536
9 0.7572115384615384 0.9627403846153846 0.016826923076923076 0.055288461538461536
8 0.734375 0.9651442307692307 0.019230769230769232 0.0625
2 0.7127403846153846 0.9675480769230769 0.014423076923076924 0.06009615384615385
9 0.6911057692307693 0.9651442307692307 0.016826923076923076 0.0625
0 0.6778846153846154 0.8088942307692307 0.021634615384615384 0.0625
1 0.6598557692307693 0.8052884615384616 0.016826923076923076 0.0673076923076923
0 0.640625 0.8088942307692307 0.021634615384615384 0.0673076923076923
2 0.6213942307692307 0.8076923076923077 0.019230769230769232 0.06971153846153846
0 0.6033653846153846 0.8088942307692307 0.021634615384615384 0.07451923076923077
2 0.8701923076923077 0.4098557692307692 0.019230769230769232 0.0625
2 0.8521634615384616 0.4050480769230769 0.019230769230769232 0.0625
4 0.8329326923076923 0.4050480769230769 0.019230769230769232 0.0625
3 0.7115384615384616 0.4014423076923077 0.02403846153846154 0.07451923076923077
3 0.19831730769230768 0.24519230769230768 0.021634615384615384 0.07692307692307693
0 0.18028846153846154 0.24759615384615385 0.021634615384615384 0.06971153846153846
0 0.16105769230769232 0.2439903846153846 0.019230769230769232 0.07692307692307693
0 0.14423076923076922 0.24639423076923078 0.019230769230769232 0.07451923076923077
0 0.125 0.23798076923076922 0.019230769230769232 0.07451923076923077
0 0.5300480769230769 0.11658653846153846 0.021634615384615384 0.07451923076923077
3 0.5120192307692307 0.11177884615384616 0.019230769230769232 0.06971153846153846
0 0.49278846153846156 0.109375 0.02403846153846154 0.07451923076923077
5 0.47596153846153844 0.10817307692307693 0.019230769230769232 0.07692307692307693
5 0.4579326923076923 0.11177884615384616 0.014423076923076924 0.0673076923076923
3 0.43990384615384615 0.10817307692307693 0.014423076923076924 0.0673076923076923
3 0.4206730769230769 0.10817307692307693 0.019230769230769232 0.07451923076923077
0 0.40384615384615385 0.11057692307692307 0.021634615384615384 0.07692307692307693
0 0.38461538461538464 0.11057692307692307 0.016826923076923076 0.08173076923076923
0 0.36778846153846156 0.10697115384615384 0.021634615384615384 0.07451923076923077
2 0.34975961538461536 0.10697115384615384 0.019230769230769232 0.07451923076923077
4 0.33413461538461536 0.11298076923076923 0.019230769230769232 0.07692307692307693
8 0.3112980769230769 0.10576923076923077 0.019230769230769232 0.07451923076923077