0 0.31850961538461536 0.12259615384615384 0.02283653846153846 0.08413461538461539
1 0.3401442307692308 0.12860576923076922 0.015625 0.0889423076923077
2 0.3581730769230769 0.125 0.014423076923076924 0.09615384615384616
3 0.37740384615384615 0.12860576923076922 0.019230769230769232 0.1045673076923077
3 0.39783653846153844 0.1310096153846154 0.018028846153846152 0.09254807692307693
1 0.4170673076923077 0.13221153846153846 0.014423076923076924 0.0889423076923077
2 0.4362980769230769 0.140625 0.014423076923076924 0.1045673076923077
3 0.2920673076923077 0.3173076923076923 0.028846153846153848 0.0889423076923077
2 0.3161057692307692 0.3173076923076923 0.015625 0.0889423076923077
2 0.3449519230769231 0.31490384615384615 0.015625 0.10096153846153846
3 0.3629807692307692 0.31490384615384615 0.019230769230769232 0.10096153846153846
1 0.3942307692307692 0.32091346153846156 0.015625 0.09615384615384616
4 0.41225961538461536 0.3173076923076923 0.015625 0.1045673076923077
0 0.43149038461538464 0.3173076923076923 0.018028846153846152 0.1045673076923077
1 0.453125 0.31971153846153844 0.021634615384615384 0.10096153846153846
5 0.2920673076923077 0.578125 0.021634615384615384 0.09615384615384616
3 0.3173076923076923 0.5841346153846154 0.025240384615384616 0.10817307692307693
5 0.7055288461538461 0.6165865384615384 0.025240384615384616 0.10817307692307693
2 0.7295673076923077 0.6189903846153846 0.018028846153846152 0.11298076923076923
2 0.7572115384615384 0.6105769230769231 0.01201923076923077 0.09615384615384616
3 0.7776442307692307 0.6129807692307693 0.018028846153846152 0.09254807692307693
1 0.8064903846153846 0.6165865384615384 0.015625 0.10096153846153846
4 0.8257211538461539 0.6165865384615384 0.018028846153846152 0.10096153846153846
0 0.84375 0.6129807692307693 0.015625 0.10096153846153846
1 0.8653846153846154 0.6165865384615384 0.019230769230769232 0.09254807692307693
2 0.3425480769230769 0.7331730769230769 0.015625 0.09254807692307693
6 0.3641826923076923 0.7271634615384616 0.019230769230769232 0.1045673076923077
3 0.38341346153846156 0.7271634615384616 0.018028846153846152 0.1045673076923077
6 0.4050480769230769 0.7367788461538461 0.018028846153846152 0.10817307692307693
3 0.4230769230769231 0.7331730769230769 0.019230769230769232 0.09254807692307693
4 0.4423076923076923 0.7307692307692307 0.014423076923076924 0.07211538461538461
6 0.46033653846153844 0.734375 0.018028846153846152 0.08052884615384616
3 0.4795673076923077 0.7331730769230769 0.018028846153846152 0.07572115384615384