1 0.003605769230769231 0.8870192307692307 0.007211538461538462 0.057692307692307696
0 0.015625 0.8930288461538461 0.02403846153846154 0.06009615384615385
5 0.038461538461538464 0.8966346153846154 0.026442307692307692 0.06009615384615385
5 0.057692307692307696 0.9002403846153846 0.026442307692307692 0.06009615384615385
3 0.08052884615384616 0.8966346153846154 0.02403846153846154 0.06490384615384616
6 0.10216346153846154 0.90625 0.026442307692307692 0.06009615384615385
0 0.12379807692307693 0.9110576923076923 0.026442307692307692 0.057692307692307696
8 0.14423076923076922 0.9110576923076923 0.026442307692307692 0.057692307692307696
9 0.1658653846153846 0.9110576923076923 0.026442307692307692 0.057692307692307696
8 0.1875 0.9182692307692307 0.026442307692307692 0.06490384615384616
2 0.2091346153846154 0.9230769230769231 0.02403846153846154 0.06009615384615385
9 0.23076923076923078 0.9242788461538461 0.026442307692307692 0.06490384615384616
0 0.27163461538461536 0.7728365384615384 0.028846153846153848 0.06490384615384616
1 0.28966346153846156 0.7728365384615384 0.026442307692307692 0.0673076923076923
0 0.3088942307692308 0.7800480769230769 0.03125 0.06971153846153846
2 0.328125 0.78125 0.026442307692307692 0.07211538461538461
0 0.3449519230769231 0.7860576923076923 0.03125 0.07451923076923077
2 0.1502403846153846 0.3473557692307692 0.026442307692307692 0.06490384615384616
2 0.16947115384615385 0.3449519230769231 0.026442307692307692 0.06490384615384616
4 0.18870192307692307 0.3485576923076923 0.026442307692307692 0.06490384615384616
3 0.3076923076923077 0.36658653846153844 0.03365384615384615 0.07692307692307693
3 0.8413461538461539 0.3004807692307692 0.03125 0.07932692307692307
0 0.859375 0.3076923076923077 0.03125 0.07211538461538461
0 0.8786057692307693 0.30649038461538464 0.028846153846153848 0.07932692307692307
0 0.8954326923076923 0.3112980769230769 0.028846153846153848 0.07451923076923077
0 0.9146634615384616 0.30649038461538464 0.028846153846153848 0.07451923076923077
0 0.5372596153846154 0.11778846153846154 0.03125 0.07451923076923077
3 0.5564903846153846 0.11538461538461539 0.028846153846153848 0.07211538461538461
0 0.5757211538461539 0.11658653846153846 0.03365384615384615 0.07692307692307693
5 0.5925480769230769 0.11778846153846154 0.028846153846153848 0.07932692307692307
5 0.609375 0.125 0.02403846153846154 0.0673076923076923
3 0.6274038461538461 0.125 0.02403846153846154 0.0673076923076923
3 0.6466346153846154 0.12740384615384615 0.028846153846153848 0.07451923076923077
0 0.6622596153846154 0.13221153846153846 0.03125 0.07932692307692307
0 0.6814903846153846 0.13701923076923078 0.026442307692307692 0.08173076923076923
0 0.6983173076923077 0.13581730769230768 0.03125 0.07451923076923077
2 0.7163461538461539 0.13822115384615385 0.028846153846153848 0.07451923076923077
4 0.7307692307692307 0.1466346153846154 0.028846153846153848 0.07932692307692307
8 0.7548076923076923 0.14543269230769232 0.028846153846153848 0.07451923076923077