0 0.9002403846153846 0.006009615384615385 0.026442307692307692 0.01201923076923077
1 0.8786057692307693 0.009615384615384616 0.021634615384615384 0.019230769230769232
0 0.8581730769230769 0.010817307692307692 0.02403846153846154 0.021634615384615384
5 0.8353365384615384 0.01201923076923077 0.026442307692307692 0.02403846153846154
5 0.8161057692307693 0.013221153846153846 0.026442307692307692 0.026442307692307692
3 0.7932692307692307 0.018028846153846152 0.02403846153846154 0.036057692307692304
6 0.7704326923076923 0.015625 0.026442307692307692 0.03125
0 0.7487980769230769 0.015625 0.026442307692307692 0.03125
8 0.7295673076923077 0.019230769230769232 0.026442307692307692 0.038461538461538464
9 0.7079326923076923 0.021634615384615384 0.026442307692307692 0.04326923076923077
8 0.6850961538461539 0.02283653846153846 0.028846153846153848 0.04567307692307692
2 0.6634615384615384 0.021634615384615384 0.02403846153846154 0.04326923076923077
9 0.6430288461538461 0.026442307692307692 0.026442307692307692 0.052884615384615384
0 0.6442307692307693 0.17427884615384615 0.028846153846153848 0.06490384615384616
1 0.6262019230769231 0.17908653846153846 0.02403846153846154 0.0673076923076923
0 0.6069711538461539 0.1778846153846154 0.028846153846153848 0.0673076923076923
2 0.5877403846153846 0.1814903846153846 0.02403846153846154 0.07211538461538461
0 0.5697115384615384 0.18269230769230768 0.028846153846153848 0.07451923076923077
2 0.8774038461538461 0.5504807692307693 0.026442307692307692 0.06490384615384616
2 0.8605769230769231 0.5576923076923077 0.026442307692307692 0.06490384615384616
4 0.8413461538461539 0.5600961538461539 0.026442307692307692 0.06490384615384616
3 0.7211538461538461 0.5757211538461539 0.03125 0.07451923076923077
3 0.22596153846153846 0.7860576923076923 0.028846153846153848 0.07932692307692307
0 0.20793269230769232 0.7836538461538461 0.028846153846153848 0.07211538461538461
0 0.18870192307692307 0.7896634615384616 0.026442307692307692 0.07932692307692307
0 0.171875 0.7896634615384616 0.026442307692307692 0.07451923076923077
0 0.15384615384615385 0.8004807692307693 0.026442307692307692 0.07451923076923077
0 0.5697115384615384 0.8774038461538461 0.028846153846153848 0.07451923076923077
3 0.5516826923076923 0.8846153846153846 0.026442307692307692 0.07211538461538461
0 0.5336538461538461 0.8894230769230769 0.03125 0.07451923076923077
5 0.5168269230769231 0.8930288461538461 0.026442307692307692 0.07932692307692307
5 0.4987980769230769 0.890625 0.021634615384615384 0.0673076923076923
3 0.4807692307692308 0.8954326923076923 0.021634615384615384 0.0673076923076923
3 0.46153846153846156 0.8978365384615384 0.026442307692307692 0.07451923076923077
0 0.44471153846153844 0.8978365384615384 0.028846153846153848 0.07932692307692307
0 0.4254807692307692 0.8990384615384616 0.02403846153846154 0.08173076923076923
0 0.40865384615384615 0.9050480769230769 0.028846153846153848 0.07451923076923077
2 0.3918269230769231 0.9074519230769231 0.026442307692307692 0.07451923076923077
4 0.375 0.9026442307692307 0.026442307692307692 0.07932692307692307
8 0.35336538461538464 0.9110576923076923 0.026442307692307692 0.07451923076923077