0 0.040865384615384616 0.9639423076923077 0.018028846153846152 0.051682692307692304
1 0.0625 0.9615384615384616 0.01201923076923077 0.055288461538461536
0 0.0829326923076923 0.9639423076923077 0.014423076923076924 0.05889423076923077
5 0.10576923076923077 0.9639423076923077 0.016826923076923076 0.05889423076923077
5 0.12620192307692307 0.9639423076923077 0.016826923076923076 0.05889423076923077
3 0.14783653846153846 0.9579326923076923 0.014423076923076924 0.0625
6 0.17067307692307693 0.9639423076923077 0.016826923076923076 0.05889423076923077
0 0.19230769230769232 0.9651442307692307 0.016826923076923076 0.055288461538461536
8 0.2127403846153846 0.9615384615384616 0.018028846153846152 0.055288461538461536
9 0.234375 0.9579326923076923 0.016826923076923076 0.055288461538461536
8 0.25721153846153844 0.9615384615384616 0.018028846153846152 0.0625
2 0.27884615384615385 0.9639423076923077 0.014423076923076924 0.05889423076923077
9 0.3004807692307692 0.9615384615384616 0.016826923076923076 0.0625
0 0.3173076923076923 0.8052884615384616 0.020432692307692308 0.0625
1 0.33533653846153844 0.8028846153846154 0.016826923076923076 0.06610576923076923
0 0.3545673076923077 0.8064903846153846 0.021634615384615384 0.06610576923076923
2 0.3737980769230769 0.8052884615384616 0.016826923076923076 0.06971153846153846
0 0.3918269230769231 0.8064903846153846 0.020432692307692308 0.0733173076923077
2 0.1310096153846154 0.40384615384615385 0.018028846153846152 0.0625
2 0.14903846153846154 0.39903846153846156 0.018028846153846152 0.0625
4 0.16826923076923078 0.39903846153846156 0.018028846153846152 0.0625
3 0.28966346153846156 0.39783653846153844 0.02283653846153846 0.0733173076923077
3 0.8064903846153846 0.25 0.020432692307692308 0.07692307692307693
0 0.8245192307692307 0.2536057692307692 0.020432692307692308 0.06971153846153846
0 0.84375 0.25 0.018028846153846152 0.07692307692307693
0 0.8605769230769231 0.25240384615384615 0.016826923076923076 0.0733173076923077
0 0.8798076923076923 0.2439903846153846 0.016826923076923076 0.0733173076923077
0 0.47716346153846156 0.11658653846153846 0.020432692307692308 0.0733173076923077
3 0.4951923076923077 0.11177884615384616 0.018028846153846152 0.06971153846153846
0 0.5144230769230769 0.109375 0.021634615384615384 0.0733173076923077
5 0.53125 0.10817307692307693 0.018028846153846152 0.07692307692307693
5 0.5492788461538461 0.11298076923076923 0.013221153846153846 0.06610576923076923
3 0.5673076923076923 0.109375 0.014423076923076924 0.06610576923076923
3 0.5865384615384616 0.109375 0.016826923076923076 0.0733173076923077
0 0.6033653846153846 0.11177884615384616 0.020432692307692308 0.07692307692307693
0 0.6225961538461539 0.11298076923076923 0.014423076923076924 0.08052884615384616
0 0.6394230769230769 0.109375 0.020432692307692308 0.0733173076923077
2 0.6574519230769231 0.109375 0.018028846153846152 0.0733173076923077
4 0.6730769230769231 0.11538461538461539 0.016826923076923076 0.07692307692307693
8 0.6959134615384616 0.109375 0.016826923076923076 0.0733173076923077