0 0.9350961538461539 0.020432692307692308 0.02403846153846154 0.040865384615384616
1 0.9122596153846154 0.02283653846153846 0.016826923076923076 0.04567307692307692
0 0.8918269230769231 0.02283653846153846 0.019230769230769232 0.04567307692307692
5 0.8689903846153846 0.02403846153846154 0.021634615384615384 0.04807692307692308
5 0.8497596153846154 0.02403846153846154 0.021634615384615384 0.04807692307692308
3 0.8293269230769231 0.028846153846153848 0.019230769230769232 0.057692307692307696
6 0.8040865384615384 0.025240384615384616 0.021634615384615384 0.05048076923076923
0 0.7824519230769231 0.02403846153846154 0.021634615384615384 0.04807692307692308
8 0.7644230769230769 0.026442307692307692 0.02403846153846154 0.052884615384615384
9 0.7415865384615384 0.028846153846153848 0.019230769230769232 0.055288461538461536
8 0.71875 0.030048076923076924 0.02403846153846154 0.06009615384615385
2 0.6971153846153846 0.028846153846153848 0.019230769230769232 0.057692307692307696
9 0.6766826923076923 0.03125 0.021634615384615384 0.0625
0 0.6658653846153846 0.18509615384615385 0.02403846153846154 0.0625
1 0.6490384615384616 0.18870192307692307 0.019230769230769232 0.0673076923076923
0 0.6286057692307693 0.18629807692307693 0.02403846153846154 0.0673076923076923
2 0.6105769230769231 0.18870192307692307 0.021634615384615384 0.06971153846153846
0 0.5925480769230769 0.18870192307692307 0.02403846153846154 0.07451923076923077
2 0.8737980769230769 0.5769230769230769 0.021634615384615384 0.0625
2 0.8557692307692307 0.5829326923076923 0.021634615384615384 0.0625
4 0.8365384615384616 0.5829326923076923 0.021634615384615384 0.0625
3 0.7151442307692307 0.5913461538461539 0.026442307692307692 0.07451923076923077
3 0.20673076923076922 0.765625 0.02403846153846154 0.07692307692307693
0 0.18870192307692307 0.7632211538461539 0.02403846153846154 0.06971153846153846
0 0.16947115384615385 0.7680288461538461 0.021634615384615384 0.07692307692307693
0 0.15264423076923078 0.765625 0.021634615384615384 0.07451923076923077
0 0.1346153846153846 0.7752403846153846 0.021634615384615384 0.07451923076923077
0 0.5432692307692307 0.8822115384615384 0.02403846153846154 0.07451923076923077
3 0.5252403846153846 0.8870192307692307 0.021634615384615384 0.06971153846153846
0 0.5060096153846154 0.890625 0.026442307692307692 0.07451923076923077
5 0.4891826923076923 0.8930288461538461 0.021634615384615384 0.07692307692307693
5 0.47115384615384615 0.8894230769230769 0.016826923076923076 0.0673076923076923
3 0.453125 0.8930288461538461 0.016826923076923076 0.0673076923076923
3 0.4338942307692308 0.8942307692307693 0.021634615384615384 0.07451923076923077
0 0.4170673076923077 0.8930288461538461 0.02403846153846154 0.07692307692307693
0 0.39783653846153844 0.8930288461538461 0.019230769230769232 0.08173076923076923
0 0.38100961538461536 0.8978365384615384 0.02403846153846154 0.07451923076923077
2 0.3629807692307692 0.8978365384615384 0.021634615384615384 0.07451923076923077
4 0.3473557692307692 0.8930288461538461 0.021634615384615384 0.07692307692307693
8 0.3245192307692308 0.9002403846153846 0.021634615384615384 0.07451923076923077