0 0.04927884615384615 0.027644230769230768 0.019230769230769232 0.052884615384615384
1 0.07091346153846154 0.03125 0.01201923076923077 0.055288461538461536
0 0.09254807692307693 0.030048076923076924 0.016826923076923076 0.06009615384615385
5 0.11538461538461539 0.030048076923076924 0.019230769230769232 0.06009615384615385
5 0.1346153846153846 0.030048076923076924 0.016826923076923076 0.06009615384615385
3 0.15625 0.036057692307692304 0.014423076923076924 0.0625
6 0.17908653846153846 0.030048076923076924 0.016826923076923076 0.06009615384615385
0 0.20072115384615385 0.030048076923076924 0.016826923076923076 0.055288461538461536
8 0.22115384615384615 0.03365384615384615 0.019230769230769232 0.055288461538461536
9 0.24278846153846154 0.037259615384615384 0.016826923076923076 0.055288461538461536
8 0.265625 0.03485576923076923 0.019230769230769232 0.0625
2 0.28725961538461536 0.03245192307692308 0.014423076923076924 0.06009615384615385
9 0.3088942307692308 0.03485576923076923 0.016826923076923076 0.0625
0 0.32211538461538464 0.19110576923076922 0.021634615384615384 0.0625
1 0.3401442307692308 0.19471153846153846 0.016826923076923076 0.0673076923076923
0 0.359375 0.19110576923076922 0.021634615384615384 0.0673076923076923
2 0.3786057692307692 0.19230769230769232 0.019230769230769232 0.06971153846153846
0 0.39663461538461536 0.19110576923076922 0.021634615384615384 0.07451923076923077
2 0.12980769230769232 0.5901442307692307 0.019230769230769232 0.0625
2 0.14783653846153846 0.5949519230769231 0.019230769230769232 0.0625
4 0.16706730769230768 0.5949519230769231 0.019230769230769232 0.0625
3 0.28846153846153844 0.5985576923076923 0.02403846153846154 0.07451923076923077
3 0.8016826923076923 0.7548076923076923 0.021634615384615384 0.07692307692307693
0 0.8197115384615384 0.7524038461538461 0.021634615384615384 0.06971153846153846
0 0.8389423076923077 0.7560096153846154 0.019230769230769232 0.07692307692307693
0 0.8557692307692307 0.7536057692307693 0.019230769230769232 0.07451923076923077
0 0.875 0.7620192307692307 0.019230769230769232 0.07451923076923077
0 0.4699519230769231 0.8834134615384616 0.021634615384615384 0.07451923076923077
3 0.4879807692307692 0.8882211538461539 0.019230769230769232 0.06971153846153846
0 0.5072115384615384 0.890625 0.02403846153846154 0.07451923076923077
5 0.5240384615384616 0.8918269230769231 0.019230769230769232 0.07692307692307693
5 0.5420673076923077 0.8882211538461539 0.014423076923076924 0.0673076923076923
3 0.5600961538461539 0.8918269230769231 0.014423076923076924 0.0673076923076923
3 0.5793269230769231 0.8918269230769231 0.019230769230769232 0.07451923076923077
0 0.5961538461538461 0.8894230769230769 0.021634615384615384 0.07692307692307693
0 0.6153846153846154 0.8894230769230769 0.016826923076923076 0.08173076923076923
0 0.6322115384615384 0.8930288461538461 0.021634615384615384 0.07451923076923077
2 0.6502403846153846 0.8930288461538461 0.019230769230769232 0.07451923076923077
4 0.6658653846153846 0.8870192307692307 0.019230769230769232 0.07692307692307693
8 0.6887019230769231 0.8942307692307693 0.019230769230769232 0.07451923076923077