0 0.9915865384615384 0.921875 0.01201923076923077 0.055288461538461536
1 0.9759615384615384 0.921875 0.016826923076923076 0.055288461538461536
0 0.9555288461538461 0.9254807692307693 0.019230769230769232 0.06009615384615385
5 0.9326923076923077 0.9278846153846154 0.021634615384615384 0.06009615384615385
5 0.9122596153846154 0.9290865384615384 0.021634615384615384 0.06009615384615385
3 0.890625 0.9254807692307693 0.019230769230769232 0.0625
6 0.8689903846153846 0.9338942307692307 0.021634615384615384 0.06009615384615385
0 0.8473557692307693 0.9362980769230769 0.021634615384615384 0.057692307692307696
8 0.8269230769230769 0.9350961538461539 0.021634615384615384 0.057692307692307696
9 0.8040865384615384 0.9326923076923077 0.021634615384615384 0.057692307692307696
8 0.7824519230769231 0.9387019230769231 0.02403846153846154 0.06490384615384616
2 0.7608173076923077 0.9423076923076923 0.019230769230769232 0.06009615384615385
9 0.7391826923076923 0.9423076923076923 0.021634615384615384 0.06490384615384616
0 0.7091346153846154 0.7884615384615384 0.026442307692307692 0.06490384615384616
1 0.6899038461538461 0.7872596153846154 0.021634615384615384 0.0673076923076923
0 0.671875 0.7920673076923077 0.026442307692307692 0.0673076923076923
2 0.6526442307692307 0.7932692307692307 0.02403846153846154 0.06971153846153846
0 0.6346153846153846 0.7956730769230769 0.026442307692307692 0.07451923076923077
2 0.859375 0.37259615384615385 0.02403846153846154 0.06490384615384616
2 0.8413461538461539 0.36899038461538464 0.02403846153846154 0.06490384615384616
4 0.8221153846153846 0.3701923076923077 0.02403846153846154 0.06490384615384616
3 0.7007211538461539 0.3798076923076923 0.028846153846153848 0.07451923076923077
3 0.17307692307692307 0.2776442307692308 0.026442307692307692 0.07932692307692307
0 0.15504807692307693 0.2824519230769231 0.026442307692307692 0.07211538461538461
0 0.13581730769230768 0.28125 0.02403846153846154 0.07932692307692307
0 0.11899038461538461 0.2848557692307692 0.02403846153846154 0.07451923076923077
0 0.09975961538461539 0.2776442307692308 0.02403846153846154 0.07451923076923077
0 0.4891826923076923 0.11658653846153846 0.026442307692307692 0.07451923076923077
3 0.47115384615384615 0.11298076923076923 0.02403846153846154 0.07211538461538461
0 0.4519230769230769 0.11177884615384616 0.028846153846153848 0.07451923076923077
5 0.43509615384615385 0.11298076923076923 0.02403846153846154 0.07932692307692307
5 0.4170673076923077 0.11899038461538461 0.019230769230769232 0.0673076923076923
3 0.39903846153846156 0.11658653846153846 0.019230769230769232 0.0673076923076923
3 0.3798076923076923 0.11899038461538461 0.02403846153846154 0.07451923076923077
0 0.3629807692307692 0.12259615384615384 0.026442307692307692 0.07932692307692307
0 0.34375 0.125 0.021634615384615384 0.08173076923076923
0 0.3269230769230769 0.12259615384615384 0.026442307692307692 0.07451923076923077
2 0.3088942307692308 0.125 0.02403846153846154 0.07451923076923077
4 0.29447115384615385 0.13221153846153846 0.02403846153846154 0.07692307692307693
8 0.2704326923076923 0.12740384615384615 0.02403846153846154 0.07451923076923077