0 0.9591346153846154 0.9639423076923077 0.018028846153846152 0.051682692307692304
1 0.9375 0.9615384615384616 0.01201923076923077 0.055288461538461536
0 0.9170673076923077 0.9639423076923077 0.014423076923076924 0.05889423076923077
5 0.8942307692307693 0.9639423076923077 0.016826923076923076 0.05889423076923077
5 0.8737980769230769 0.9639423076923077 0.016826923076923076 0.05889423076923077
3 0.8521634615384616 0.9579326923076923 0.014423076923076924 0.0625
6 0.8293269230769231 0.9639423076923077 0.016826923076923076 0.05889423076923077
0 0.8076923076923077 0.9651442307692307 0.016826923076923076 0.055288461538461536
8 0.7872596153846154 0.9615384615384616 0.018028846153846152 0.055288461538461536
9 0.765625 0.9579326923076923 0.016826923076923076 0.055288461538461536
8 0.7427884615384616 0.9615384615384616 0.018028846153846152 0.0625
2 0.7211538461538461 0.9639423076923077 0.014423076923076924 0.05889423076923077
9 0.6995192307692307 0.9615384615384616 0.016826923076923076 0.0625
0 0.6826923076923077 0.8052884615384616 0.020432692307692308 0.0625
1 0.6646634615384616 0.8028846153846154 0.016826923076923076 0.06610576923076923
0 0.6454326923076923 0.8064903846153846 0.021634615384615384 0.06610576923076923
2 0.6262019230769231 0.8052884615384616 0.016826923076923076 0.06971153846153846
0 0.6081730769230769 0.8064903846153846 0.020432692307692308 0.0733173076923077
2 0.8689903846153846 0.40384615384615385 0.018028846153846152 0.0625
2 0.8509615384615384 0.39903846153846156 0.018028846153846152 0.0625
4 0.8317307692307693 0.39903846153846156 0.018028846153846152 0.0625
3 0.7103365384615384 0.39783653846153844 0.02283653846153846 0.0733173076923077
3 0.1935096153846154 0.25 0.020432692307692308 0.07692307692307693
0 0.17548076923076922 0.2536057692307692 0.020432692307692308 0.06971153846153846
0 0.15625 0.25 0.018028846153846152 0.07692307692307693
0 0.13942307692307693 0.25240384615384615 0.016826923076923076 0.0733173076923077
0 0.1201923076923077 0.2439903846153846 0.016826923076923076 0.0733173076923077
0 0.5228365384615384 0.11658653846153846 0.020432692307692308 0.0733173076923077
3 0.5048076923076923 0.11177884615384616 0.018028846153846152 0.06971153846153846
0 0.4855769230769231 0.109375 0.021634615384615384 0.0733173076923077
5 0.46875 0.10817307692307693 0.018028846153846152 0.07692307692307693
5 0.45072115384615385 0.11298076923076923 0.013221153846153846 0.06610576923076923
3 0.4326923076923077 0.109375 0.014423076923076924 0.06610576923076923
3 0.41346153846153844 0.109375 0.016826923076923076 0.0733173076923077
0 0.39663461538461536 0.11177884615384616 0.020432692307692308 0.07692307692307693
0 0.37740384615384615 0.11298076923076923 0.014423076923076924 0.08052884615384616
0 0.3605769230769231 0.109375 0.020432692307692308 0.0733173076923077
2 0.3425480769230769 0.109375 0.018028846153846152 0.0733173076923077
4 0.3269230769230769 0.11538461538461539 0.016826923076923076 0.07692307692307693
8 0.30408653846153844 0.109375 0.016826923076923076 0.0733173076923077