0 0.7151442307692307 0.004807692307692308 0.026442307692307692 0.009615384615384616
8 0.6947115384615384 0.008413461538461538 0.02403846153846154 0.016826923076923076
9 0.6706730769230769 0.013221153846153846 0.028846153846153848 0.026442307692307692
8 0.6514423076923077 0.01201923076923077 0.02403846153846154 0.02403846153846154
2 0.6286057692307693 0.015625 0.026442307692307692 0.03125
9 0.609375 0.02283653846153846 0.03125 0.04567307692307692
0 0.6189903846153846 0.1622596153846154 0.03365384615384615 0.06490384615384616
1 0.5997596153846154 0.16466346153846154 0.021634615384615384 0.0673076923076923
0 0.5841346153846154 0.16466346153846154 0.03365384615384615 0.06490384615384616
0 0.5673076923076923 0.171875 0.028846153846153848 0.07211538461538461
6 0.5480769230769231 0.17427884615384615 0.028846153846153848 0.0673076923076923
7 0.8870192307692307 0.5540865384615384 0.026442307692307692 0.0673076923076923
0 0.8701923076923077 0.5637019230769231 0.03365384615384615 0.07932692307692307
0 0.8521634615384616 0.5637019230769231 0.03125 0.06490384615384616
7 0.8245192307692307 0.5697115384615384 0.03125 0.07932692307692307
4 0.8076923076923077 0.5757211538461539 0.028846153846153848 0.06490384615384616
2 0.7884615384615384 0.5841346153846154 0.03365384615384615 0.07211538461538461
1 0.6959134615384616 0.6009615384615384 0.02403846153846154 0.06490384615384616
2 0.7115384615384616 0.7487980769230769 0.03365384615384615 0.06971153846153846
0 0.6935096153846154 0.7560096153846154 0.03125 0.0673076923076923
1 0.6742788461538461 0.7560096153846154 0.02403846153846154 0.0673076923076923
6 0.6574519230769231 0.7572115384615384 0.028846153846153848 0.06490384615384616
0 0.6382211538461539 0.7632211538461539 0.03365384615384615 0.07692307692307693
0 0.6117788461538461 0.9206730769230769 0.03365384615384615 0.06971153846153846
1 0.59375 0.9206730769230769 0.026442307692307692 0.0673076923076923
0 0.5769230769230769 0.9230769230769231 0.03365384615384615 0.06971153846153846
5 0.5588942307692307 0.9254807692307693 0.026442307692307692 0.06490384615384616
5 0.5408653846153846 0.9302884615384616 0.028846153846153848 0.0673076923076923
4 0.5264423076923077 0.9362980769230769 0.028846153846153848 0.06490384615384616
8 0.5072115384615384 0.9399038461538461 0.028846153846153848 0.07211538461538461
1 0.49038461538461536 0.9399038461538461 0.02403846153846154 0.06009615384615385
0 0.4723557692307692 0.9471153846153846 0.03365384615384615 0.06971153846153846
5 0.45552884615384615 0.9459134615384616 0.028846153846153848 0.06490384615384616
6 0.4387019230769231 0.9507211538461539 0.03125 0.0673076923076923
8 0.41947115384615385 0.9567307692307693 0.026442307692307692 0.07211538461538461
9 0.4026442307692308 0.9627403846153846 0.03125 0.06971153846153846