0 0.057692307692307696 0.026442307692307692 0.02403846153846154 0.052884615384615384
1 0.078125 0.02283653846153846 0.016826923076923076 0.04567307692307692
0 0.09975961538461539 0.025240384615384616 0.021634615384615384 0.05048076923076923
5 0.12259615384615384 0.025240384615384616 0.019230769230769232 0.05048076923076923
5 0.14543269230769232 0.027644230769230768 0.016826923076923076 0.055288461538461536
3 0.16466346153846154 0.02403846153846154 0.016826923076923076 0.04807692307692308
6 0.18870192307692307 0.026442307692307692 0.021634615384615384 0.052884615384615384
0 0.2091346153846154 0.025240384615384616 0.019230769230769232 0.04326923076923077
8 0.22956730769230768 0.028846153846153848 0.014423076923076924 0.04807692307692308
9 0.25240384615384615 0.030048076923076924 0.019230769230769232 0.06009615384615385
8 0.27403846153846156 0.027644230769230768 0.016826923076923076 0.04326923076923077
2 0.2956730769230769 0.027644230769230768 0.016826923076923076 0.055288461538461536
9 0.3161057692307692 0.03365384615384615 0.021634615384615384 0.0673076923076923
0 0.3293269230769231 0.18509615384615385 0.02403846153846154 0.0625
1 0.3485576923076923 0.18389423076923078 0.01201923076923077 0.0673076923076923
0 0.3641826923076923 0.18269230769230768 0.02403846153846154 0.0625
0 0.38221153846153844 0.18629807692307693 0.019230769230769232 0.06971153846153846
6 0.4014423076923077 0.18629807692307693 0.019230769230769232 0.0673076923076923
7 0.12620192307692307 0.6141826923076923 0.016826923076923076 0.0673076923076923
0 0.14423076923076922 0.6213942307692307 0.02403846153846154 0.07692307692307693
0 0.1622596153846154 0.6177884615384616 0.021634615384615384 0.0625
7 0.18990384615384615 0.6189903846153846 0.021634615384615384 0.07692307692307693
4 0.20793269230769232 0.6237980769230769 0.019230769230769232 0.0625
2 0.2283653846153846 0.6274038461538461 0.02403846153846154 0.06971153846153846
1 0.32211538461538464 0.6310096153846154 0.014423076923076924 0.0625
2 0.33052884615384615 0.7788461538461539 0.021634615384615384 0.0673076923076923
0 0.34975961538461536 0.7836538461538461 0.019230769230769232 0.0673076923076923
1 0.36778846153846156 0.7800480769230769 0.014423076923076924 0.0673076923076923
6 0.38461538461538464 0.7788461538461539 0.019230769230769232 0.0625
0 0.4050480769230769 0.78125 0.02403846153846154 0.07451923076923077
0 0.4543269230769231 0.9326923076923077 0.021634615384615384 0.0673076923076923
1 0.4735576923076923 0.9290865384615384 0.016826923076923076 0.0673076923076923
0 0.49038461538461536 0.9302884615384616 0.02403846153846154 0.0673076923076923
5 0.5084134615384616 0.9290865384615384 0.016826923076923076 0.0625
5 0.5264423076923077 0.9314903846153846 0.019230769230769232 0.0673076923076923
4 0.5420673076923077 0.9338942307692307 0.019230769230769232 0.0625
8 0.5612980769230769 0.9350961538461539 0.019230769230769232 0.06971153846153846
1 0.578125 0.9338942307692307 0.014423076923076924 0.06009615384615385
0 0.5973557692307693 0.9375 0.021634615384615384 0.0673076923076923
5 0.6129807692307693 0.9338942307692307 0.019230769230769232 0.0625
6 0.6310096153846154 0.9350961538461539 0.019230769230769232 0.0673076923076923
8 0.6502403846153846 0.9387019230769231 0.016826923076923076 0.06971153846153846
9 0.6682692307692307 0.9423076923076923 0.019230769230769232 0.06971153846153846