0 0.2848557692307692 0.11899038461538461 0.018028846153846152 0.07572115384615384
1 0.30528846153846156 0.11658653846153846 0.019230769230769232 0.08052884615384616
2 0.3245192307692308 0.1201923076923077 0.010817307692307692 0.0889423076923077
3 0.34375 0.11899038461538461 0.018028846153846152 0.09254807692307693
3 0.3641826923076923 0.1201923076923077 0.018028846153846152 0.1045673076923077
2 0.38341346153846156 0.12860576923076922 0.014423076923076924 0.1045673076923077
1 0.4026442307692308 0.12860576923076922 0.021634615384615384 0.1045673076923077
3 0.2608173076923077 0.3112980769230769 0.028846153846153848 0.08413461538461539
2 0.28125 0.31490384615384615 0.010817307692307692 0.09254807692307693
2 0.3112980769230769 0.3112980769230769 0.015625 0.09254807692307693
3 0.3317307692307692 0.3112980769230769 0.018028846153846152 0.09254807692307693
1 0.36177884615384615 0.31490384615384615 0.018028846153846152 0.09254807692307693
4 0.38100961538461536 0.32091346153846156 0.015625 0.09615384615384616
0 0.39903846153846156 0.3137019230769231 0.018028846153846152 0.0889423076923077
1 0.41947115384615385 0.3137019230769231 0.02283653846153846 0.09615384615384616
5 0.25721153846153844 0.5865384615384616 0.019230769230769232 0.0889423076923077
3 0.2800480769230769 0.5889423076923077 0.025240384615384616 0.09254807692307693
5 0.6862980769230769 0.6141826923076923 0.025240384615384616 0.08052884615384616
2 0.7091346153846154 0.6189903846153846 0.010817307692307692 0.0889423076923077
2 0.7367788461538461 0.6129807692307693 0.015625 0.08413461538461539
3 0.7572115384615384 0.6165865384615384 0.021634615384615384 0.10096153846153846
1 0.7884615384615384 0.625 0.018028846153846152 0.10096153846153846
4 0.8052884615384616 0.6189903846153846 0.018028846153846152 0.0889423076923077
0 0.8257211538461539 0.6189903846153846 0.018028846153846152 0.11298076923076923
1 0.8485576923076923 0.6165865384615384 0.021634615384615384 0.09254807692307693
2 0.3581730769230769 0.7548076923076923 0.014423076923076924 0.08052884615384616
6 0.37740384615384615 0.7548076923076923 0.018028846153846152 0.08052884615384616
3 0.39783653846153844 0.7536057692307693 0.015625 0.09254807692307693
6 0.4170673076923077 0.7608173076923077 0.018028846153846152 0.08413461538461539
3 0.43509615384615385 0.7608173076923077 0.018028846153846152 0.09254807692307693
3 0.45552884615384615 0.7596153846153846 0.019230769230769232 0.0889423076923077
3 0.4735576923076923 0.7608173076923077 0.019230769230769232 0.08413461538461539
3 0.49278846153846156 0.7608173076923077 0.019230769230769232 0.08413461538461539
3 0.5132211538461539 0.7596153846153846 0.018028846153846152 0.0889423076923077
5 0.5324519230769231 0.7596153846153846 0.019230769230769232 0.0889423076923077
6 0.5528846153846154 0.7608173076923077 0.021634615384615384 0.09254807692307693