0 0.9603365384615384 0.9615384615384616 0.020432692307692308 0.055288461538461536
1 0.9399038461538461 0.9651442307692307 0.01201923076923077 0.046875
0 0.9170673076923077 0.9639423076923077 0.016826923076923076 0.051682692307692304
5 0.8954326923076923 0.9639423076923077 0.014423076923076924 0.051682692307692304
5 0.8725961538461539 0.9639423076923077 0.013221153846153846 0.05889423076923077
3 0.8521634615384616 0.9651442307692307 0.01201923076923077 0.046875
6 0.8293269230769231 0.9639423076923077 0.016826923076923076 0.051682692307692304
0 0.8076923076923077 0.9639423076923077 0.016826923076923076 0.04326923076923077
8 0.7872596153846154 0.9615384615384616 0.013221153846153846 0.046875
9 0.7644230769230769 0.9639423076923077 0.014423076923076924 0.05889423076923077
8 0.7427884615384616 0.9639423076923077 0.014423076923076924 0.04326923076923077
2 0.7211538461538461 0.9651442307692307 0.014423076923076924 0.055288461538461536
9 0.6995192307692307 0.9603365384615384 0.016826923076923076 0.06610576923076923
0 0.6814903846153846 0.8088942307692307 0.021634615384615384 0.0625
1 0.6622596153846154 0.8100961538461539 0.009615384615384616 0.06610576923076923
0 0.6466346153846154 0.8125 0.02283653846153846 0.0625
0 0.6286057692307693 0.8088942307692307 0.016826923076923076 0.06971153846153846
6 0.609375 0.8100961538461539 0.016826923076923076 0.06610576923076923
7 0.8689903846153846 0.37259615384615385 0.014423076923076924 0.06610576923076923
0 0.8509615384615384 0.36658653846153844 0.020432692307692308 0.07692307692307693
0 0.8329326923076923 0.3701923076923077 0.020432692307692308 0.0625
7 0.8052884615384616 0.3701923076923077 0.018028846153846152 0.07692307692307693
4 0.7872596153846154 0.36658653846153844 0.018028846153846152 0.0625
2 0.7668269230769231 0.3629807692307692 0.020432692307692308 0.06971153846153846
1 0.6730769230769231 0.3629807692307692 0.013221153846153846 0.0625
2 0.6598557692307693 0.21514423076923078 0.020432692307692308 0.06610576923076923
0 0.640625 0.21153846153846154 0.018028846153846152 0.06610576923076923
1 0.6225961538461539 0.21514423076923078 0.01201923076923077 0.06610576923076923
6 0.6057692307692307 0.21754807692307693 0.018028846153846152 0.0625
0 0.5853365384615384 0.21514423076923078 0.020432692307692308 0.0733173076923077
0 0.5300480769230769 0.06610576923076923 0.020432692307692308 0.06610576923076923
1 0.5120192307692307 0.06971153846153846 0.014423076923076924 0.06610576923076923
0 0.4951923076923077 0.06971153846153846 0.021634615384615384 0.06610576923076923
5 0.47716346153846156 0.07091346153846154 0.014423076923076924 0.0625
5 0.4579326923076923 0.06971153846153846 0.016826923076923076 0.06610576923076923
4 0.4423076923076923 0.0673076923076923 0.018028846153846152 0.0625
8 0.4230769230769231 0.0673076923076923 0.016826923076923076 0.06971153846153846
1 0.40625 0.06971153846153846 0.01201923076923077 0.05889423076923077
0 0.3870192307692308 0.06610576923076923 0.020432692307692308 0.06610576923076923
5 0.3713942307692308 0.07091346153846154 0.016826923076923076 0.0625
6 0.35336538461538464 0.06971153846153846 0.018028846153846152 0.06610576923076923
8 0.33413461538461536 0.0673076923076923 0.013221153846153846 0.06971153846153846
9 0.3161057692307692 0.06370192307692307 0.016826923076923076 0.06971153846153846