1 0.9903846153846154 0.09254807692307693 0.014423076923076924 0.05048076923076923
0 0.9699519230769231 0.09014423076923077 0.02403846153846154 0.052884615384615384
5 0.9495192307692307 0.08774038461538461 0.021634615384615384 0.052884615384615384
5 0.9266826923076923 0.08533653846153846 0.019230769230769232 0.06009615384615385
3 0.90625 0.08173076923076923 0.016826923076923076 0.04807692307692308
6 0.8834134615384616 0.07932692307692307 0.02403846153846154 0.052884615384615384
0 0.8617788461538461 0.07692307692307693 0.021634615384615384 0.04567307692307692
8 0.8413461538461539 0.07692307692307693 0.019230769230769232 0.04807692307692308
9 0.8185096153846154 0.07211538461538461 0.021634615384615384 0.06009615384615385
8 0.7980769230769231 0.06850961538461539 0.019230769230769232 0.04567307692307692
2 0.7764423076923077 0.06490384615384616 0.021634615384615384 0.057692307692307696
9 0.7536057692307693 0.0673076923076923 0.02403846153846154 0.0673076923076923
0 0.7175480769230769 0.21514423076923078 0.028846153846153848 0.06490384615384616
1 0.6983173076923077 0.21153846153846154 0.016826923076923076 0.0673076923076923
0 0.6838942307692307 0.20793269230769232 0.03125 0.06490384615384616
0 0.6658653846153846 0.2091346153846154 0.02403846153846154 0.07211538461538461
6 0.6466346153846154 0.20552884615384615 0.02403846153846154 0.0673076923076923
7 0.8509615384615384 0.671875 0.021634615384615384 0.0673076923076923
0 0.8317307692307693 0.6754807692307693 0.028846153846153848 0.07932692307692307
0 0.8149038461538461 0.6694711538461539 0.028846153846153848 0.06490384615384616
7 0.7872596153846154 0.6658653846153846 0.026442307692307692 0.07932692307692307
4 0.7692307692307693 0.6670673076923077 0.026442307692307692 0.06490384615384616
2 0.7475961538461539 0.6682692307692307 0.028846153846153848 0.07211538461538461
1 0.6550480769230769 0.6574519230769231 0.021634615384615384 0.0625
2 0.6237980769230769 0.8016826923076923 0.028846153846153848 0.0673076923076923
0 0.6045673076923077 0.8028846153846154 0.026442307692307692 0.0673076923076923
1 0.5865384615384616 0.7980769230769231 0.019230769230769232 0.0673076923076923
6 0.5709134615384616 0.7932692307692307 0.026442307692307692 0.06490384615384616
0 0.5504807692307693 0.7932692307692307 0.028846153846153848 0.07451923076923077
0 0.47716346153846156 0.9338942307692307 0.028846153846153848 0.0673076923076923
1 0.45913461538461536 0.9290865384615384 0.021634615384615384 0.0673076923076923
0 0.4423076923076923 0.9266826923076923 0.028846153846153848 0.0673076923076923
5 0.4254807692307692 0.9230769230769231 0.021634615384615384 0.06490384615384616
5 0.40625 0.921875 0.02403846153846154 0.0673076923076923
4 0.3894230769230769 0.921875 0.026442307692307692 0.06490384615384616
8 0.3713942307692308 0.9206730769230769 0.02403846153846154 0.07211538461538461
1 0.3545673076923077 0.9158653846153846 0.019230769230769232 0.06009615384615385
0 0.33533653846153844 0.9170673076923077 0.028846153846153848 0.0673076923076923
5 0.31971153846153844 0.9098557692307693 0.02403846153846154 0.06490384615384616
6 0.3016826923076923 0.9086538461538461 0.026442307692307692 0.0673076923076923
8 0.2824519230769231 0.9086538461538461 0.021634615384615384 0.06971153846153846
9 0.2644230769230769 0.9110576923076923 0.02403846153846154 0.07211538461538461