0 0.0829326923076923 0.015625 0.026442307692307692 0.03125
1 0.10336538461538461 0.01201923076923077 0.019230769230769232 0.02403846153846154
0 0.125 0.014423076923076924 0.02403846153846154 0.028846153846153848
5 0.14783653846153846 0.015625 0.021634615384615384 0.03125
5 0.16947115384615385 0.018028846153846152 0.021634615384615384 0.036057692307692304
3 0.18990384615384615 0.015625 0.019230769230769232 0.03125
6 0.21394230769230768 0.019230769230769232 0.02403846153846154 0.038461538461538464
0 0.23557692307692307 0.018028846153846152 0.02403846153846154 0.036057692307692304
8 0.2548076923076923 0.020432692307692308 0.019230769230769232 0.040865384615384616
9 0.2776442307692308 0.02283653846153846 0.021634615384615384 0.04567307692307692
8 0.29927884615384615 0.020432692307692308 0.021634615384615384 0.040865384615384616
2 0.32091346153846156 0.02283653846153846 0.021634615384615384 0.04567307692307692
9 0.34134615384615385 0.030048076923076924 0.02403846153846154 0.06009615384615385
0 0.34615384615384615 0.17668269230769232 0.026442307692307692 0.06490384615384616
1 0.36538461538461536 0.17668269230769232 0.014423076923076924 0.0673076923076923
0 0.38100961538461536 0.17548076923076922 0.028846153846153848 0.06490384615384616
0 0.39903846153846156 0.1814903846153846 0.02403846153846154 0.06971153846153846
6 0.4182692307692308 0.1814903846153846 0.021634615384615384 0.0673076923076923
7 0.12139423076923077 0.5949519230769231 0.019230769230769232 0.0673076923076923
0 0.13822115384615385 0.6021634615384616 0.026442307692307692 0.07932692307692307
0 0.15745192307692307 0.5997596153846154 0.026442307692307692 0.06490384615384616
7 0.18509615384615385 0.6021634615384616 0.02403846153846154 0.07932692307692307
4 0.20192307692307693 0.6081730769230769 0.02403846153846154 0.06490384615384616
2 0.22235576923076922 0.6129807692307693 0.026442307692307692 0.07211538461538461
1 0.3161057692307692 0.6213942307692307 0.019230769230769232 0.0625
2 0.3161057692307692 0.7704326923076923 0.026442307692307692 0.0673076923076923
0 0.33533653846153844 0.7752403846153846 0.02403846153846154 0.0673076923076923
1 0.35336538461538464 0.7728365384615384 0.016826923076923076 0.0673076923076923
6 0.3701923076923077 0.7716346153846154 0.02403846153846154 0.06490384615384616
0 0.390625 0.7764423076923077 0.026442307692307692 0.07451923076923077
0 0.4326923076923077 0.9290865384615384 0.026442307692307692 0.0673076923076923
1 0.45072115384615385 0.9278846153846154 0.019230769230769232 0.0673076923076923
0 0.4675480769230769 0.9290865384615384 0.026442307692307692 0.0673076923076923
5 0.4855769230769231 0.9290865384615384 0.019230769230769232 0.0625
5 0.5048076923076923 0.9326923076923077 0.021634615384615384 0.0673076923076923
4 0.5192307692307693 0.9362980769230769 0.02403846153846154 0.06490384615384616
8 0.5384615384615384 0.9375 0.02403846153846154 0.06971153846153846
1 0.5564903846153846 0.9362980769230769 0.016826923076923076 0.06009615384615385
0 0.5745192307692307 0.9423076923076923 0.026442307692307692 0.0673076923076923
5 0.5901442307692307 0.9387019230769231 0.021634615384615384 0.06490384615384616
6 0.6081730769230769 0.9411057692307693 0.02403846153846154 0.0673076923076923
8 0.6274038461538461 0.9459134615384616 0.019230769230769232 0.06971153846153846
9 0.6454326923076923 0.9507211538461539 0.02403846153846154 0.06971153846153846