0 0.03125 0.046875 0.021634615384615384 0.055288461538461536
1 0.051682692307692304 0.042067307692307696 0.01201923076923077 0.04807692307692308
0 0.07451923076923077 0.04326923076923077 0.016826923076923076 0.052884615384615384
5 0.09615384615384616 0.04326923076923077 0.014423076923076924 0.052884615384615384
5 0.11899038461538461 0.042067307692307696 0.014423076923076924 0.06009615384615385
3 0.13942307692307693 0.040865384615384616 0.01201923076923077 0.04807692307692308
6 0.1622596153846154 0.042067307692307696 0.016826923076923076 0.052884615384615384
0 0.18389423076923078 0.042067307692307696 0.016826923076923076 0.04326923076923077
8 0.20432692307692307 0.04326923076923077 0.014423076923076924 0.04807692307692308
9 0.22716346153846154 0.040865384615384616 0.014423076923076924 0.06009615384615385
8 0.24879807692307693 0.040865384615384616 0.014423076923076924 0.04326923076923077
2 0.2704326923076923 0.038461538461538464 0.014423076923076924 0.055288461538461536
9 0.2920673076923077 0.04326923076923077 0.016826923076923076 0.0673076923076923
0 0.3137019230769231 0.19471153846153846 0.021634615384615384 0.0625
1 0.3329326923076923 0.19230769230769232 0.009615384615384616 0.0673076923076923
0 0.3473557692307692 0.18990384615384615 0.02403846153846154 0.0625
0 0.36658653846153844 0.1935096153846154 0.019230769230769232 0.06971153846153846
6 0.3858173076923077 0.19230769230769232 0.016826923076923076 0.0673076923076923
7 0.13341346153846154 0.6334134615384616 0.014423076923076924 0.0673076923076923
0 0.15144230769230768 0.6394230769230769 0.021634615384615384 0.07692307692307693
0 0.16947115384615385 0.6358173076923077 0.021634615384615384 0.0625
7 0.1971153846153846 0.6346153846153846 0.019230769230769232 0.07692307692307693
4 0.21514423076923078 0.6382211538461539 0.019230769230769232 0.0625
2 0.23557692307692307 0.6418269230769231 0.021634615384615384 0.06971153846153846
1 0.3293269230769231 0.6394230769230769 0.014423076923076924 0.0625
2 0.3449519230769231 0.7872596153846154 0.021634615384615384 0.0673076923076923
0 0.3641826923076923 0.7908653846153846 0.019230769230769232 0.0673076923076923
1 0.38221153846153844 0.7872596153846154 0.01201923076923077 0.0673076923076923
6 0.39903846153846156 0.7848557692307693 0.019230769230769232 0.0625
0 0.41947115384615385 0.7860576923076923 0.021634615384615384 0.07451923076923077
0 0.47716346153846156 0.9338942307692307 0.021634615384615384 0.0673076923076923
1 0.4951923076923077 0.9302884615384616 0.014423076923076924 0.0673076923076923
0 0.5120192307692307 0.9302884615384616 0.021634615384615384 0.0673076923076923
5 0.5300480769230769 0.9290865384615384 0.014423076923076924 0.0625
5 0.5492788461538461 0.9290865384615384 0.016826923076923076 0.0673076923076923
4 0.5649038461538461 0.9314903846153846 0.019230769230769232 0.0625
8 0.5841346153846154 0.9314903846153846 0.019230769230769232 0.06971153846153846
1 0.6009615384615384 0.9290865384615384 0.01201923076923077 0.06009615384615385
0 0.6201923076923077 0.9314903846153846 0.021634615384615384 0.0673076923076923
5 0.6358173076923077 0.9266826923076923 0.016826923076923076 0.0625
6 0.6538461538461539 0.9278846153846154 0.019230769230769232 0.0673076923076923
8 0.6730769230769231 0.9302884615384616 0.014423076923076924 0.06971153846153846
9 0.6911057692307693 0.9326923076923077 0.019230769230769232 0.06971153846153846