0 0.039663461538461536 0.9615384615384616 0.020432692307692308 0.055288461538461536
1 0.06009615384615385 0.9651442307692307 0.01201923076923077 0.046875
0 0.0829326923076923 0.9639423076923077 0.016826923076923076 0.051682692307692304
5 0.1045673076923077 0.9639423076923077 0.014423076923076924 0.051682692307692304
5 0.12740384615384615 0.9639423076923077 0.013221153846153846 0.05889423076923077
3 0.14783653846153846 0.9651442307692307 0.01201923076923077 0.046875
6 0.17067307692307693 0.9639423076923077 0.016826923076923076 0.051682692307692304
0 0.19230769230769232 0.9639423076923077 0.016826923076923076 0.04326923076923077
8 0.2127403846153846 0.9615384615384616 0.013221153846153846 0.046875
9 0.23557692307692307 0.9639423076923077 0.014423076923076924 0.05889423076923077
8 0.25721153846153844 0.9639423076923077 0.014423076923076924 0.04326923076923077
2 0.27884615384615385 0.9651442307692307 0.014423076923076924 0.055288461538461536
9 0.3004807692307692 0.9603365384615384 0.016826923076923076 0.06610576923076923
0 0.31850961538461536 0.8088942307692307 0.021634615384615384 0.0625
1 0.33774038461538464 0.8100961538461539 0.009615384615384616 0.06610576923076923
0 0.35336538461538464 0.8125 0.02283653846153846 0.0625
0 0.3713942307692308 0.8088942307692307 0.016826923076923076 0.06971153846153846
6 0.390625 0.8100961538461539 0.016826923076923076 0.06610576923076923
7 0.1310096153846154 0.37259615384615385 0.014423076923076924 0.06610576923076923
0 0.14903846153846154 0.36658653846153844 0.020432692307692308 0.07692307692307693
0 0.16706730769230768 0.3701923076923077 0.020432692307692308 0.0625
7 0.19471153846153846 0.3701923076923077 0.018028846153846152 0.07692307692307693
4 0.2127403846153846 0.36658653846153844 0.018028846153846152 0.0625
2 0.23317307692307693 0.3629807692307692 0.020432692307692308 0.06971153846153846
1 0.3269230769230769 0.3629807692307692 0.013221153846153846 0.0625
2 0.3401442307692308 0.21514423076923078 0.020432692307692308 0.06610576923076923
0 0.359375 0.21153846153846154 0.018028846153846152 0.06610576923076923
1 0.37740384615384615 0.21514423076923078 0.01201923076923077 0.06610576923076923
6 0.3942307692307692 0.21754807692307693 0.018028846153846152 0.0625
0 0.41466346153846156 0.21514423076923078 0.020432692307692308 0.0733173076923077
0 0.4699519230769231 0.06610576923076923 0.020432692307692308 0.06610576923076923
1 0.4879807692307692 0.06971153846153846 0.014423076923076924 0.06610576923076923
0 0.5048076923076923 0.06971153846153846 0.021634615384615384 0.06610576923076923
5 0.5228365384615384 0.07091346153846154 0.014423076923076924 0.0625
5 0.5420673076923077 0.06971153846153846 0.016826923076923076 0.06610576923076923
4 0.5576923076923077 0.0673076923076923 0.018028846153846152 0.0625
8 0.5769230769230769 0.0673076923076923 0.016826923076923076 0.06971153846153846
1 0.59375 0.06971153846153846 0.01201923076923077 0.05889423076923077
0 0.6129807692307693 0.06610576923076923 0.020432692307692308 0.06610576923076923
5 0.6286057692307693 0.07091346153846154 0.016826923076923076 0.0625
6 0.6466346153846154 0.06971153846153846 0.018028846153846152 0.06610576923076923
8 0.6658653846153846 0.0673076923076923 0.013221153846153846 0.06971153846153846
9 0.6838942307692307 0.06370192307692307 0.016826923076923076 0.06971153846153846