0 0.9771634615384616 0.055288461538461536 0.016826923076923076 0.04807692307692308
1 0.9555288461538461 0.054086538461538464 0.009615384615384616 0.04807692307692308
0 0.9338942307692307 0.052884615384615384 0.016826923076923076 0.055288461538461536
5 0.9110576923076923 0.052884615384615384 0.019230769230769232 0.055288461538461536
5 0.8894230769230769 0.052884615384615384 0.014423076923076924 0.052884615384615384
3 0.8677884615384616 0.051682692307692304 0.014423076923076924 0.052884615384615384
6 0.8449519230769231 0.051682692307692304 0.019230769230769232 0.052884615384615384
0 0.8233173076923077 0.04927884615384615 0.019230769230769232 0.055288461538461536
8 0.8016826923076923 0.05048076923076923 0.016826923076923076 0.052884615384615384
9 0.7788461538461539 0.04927884615384615 0.019230769230769232 0.052884615384615384
8 0.7584134615384616 0.046875 0.016826923076923076 0.04807692307692308
2 0.7379807692307693 0.046875 0.019230769230769232 0.04807692307692308
9 0.7151442307692307 0.046875 0.016826923076923076 0.052884615384615384
0 0.6923076923076923 0.21995192307692307 0.021634615384615384 0.0625
1 0.6742788461538461 0.21995192307692307 0.014423076923076924 0.0625
0 0.65625 0.21875 0.021634615384615384 0.0625
0 0.6394230769230769 0.21634615384615385 0.021634615384615384 0.0673076923076923
6 0.6201923076923077 0.21514423076923078 0.019230769230769232 0.0673076923076923
7 0.8641826923076923 0.6670673076923077 0.019230769230769232 0.0673076923076923
0 0.8473557692307693 0.6694711538461539 0.021634615384615384 0.0673076923076923
0 0.828125 0.6694711538461539 0.02403846153846154 0.07451923076923077
7 0.8016826923076923 0.6646634615384616 0.019230769230769232 0.0673076923076923
4 0.7824519230769231 0.6706730769230769 0.019230769230769232 0.0673076923076923
2 0.7632211538461539 0.6682692307692307 0.021634615384615384 0.06971153846153846
1 0.6706730769230769 0.6646634615384616 0.021634615384615384 0.07692307692307693
2 0.6490384615384616 0.8149038461538461 0.019230769230769232 0.0673076923076923
0 0.6310096153846154 0.8149038461538461 0.021634615384615384 0.0673076923076923
1 0.6129807692307693 0.8137019230769231 0.016826923076923076 0.08173076923076923
6 0.5961538461538461 0.8125 0.02403846153846154 0.06971153846153846
0 0.578125 0.8161057692307693 0.021634615384615384 0.07451923076923077
0 0.5168269230769231 0.9555288461538461 0.021634615384615384 0.0625
1 0.4963942307692308 0.9567307692307693 0.014423076923076924 0.0673076923076923
0 0.4807692307692308 0.9567307692307693 0.019230769230769232 0.052884615384615384
5 0.46274038461538464 0.9519230769230769 0.019230769230769232 0.06009615384615385
5 0.44471153846153844 0.9519230769230769 0.019230769230769232 0.0673076923076923
1 0.4230769230769231 0.9579326923076923 0.014423076923076924 0.06009615384615385
8 0.4074519230769231 0.9555288461538461 0.021634615384615384 0.0625
1 0.390625 0.953125 0.01201923076923077 0.06009615384615385
0 0.3737980769230769 0.9507211538461539 0.019230769230769232 0.0625
5 0.3557692307692308 0.9483173076923077 0.019230769230769232 0.0673076923076923
6 0.33774038461538464 0.953125 0.019230769230769232 0.06971153846153846
8 0.32091346153846156 0.9507211538461539 0.019230769230769232 0.0673076923076923
9 0.3016826923076923 0.9543269230769231 0.02403846153846154 0.06971153846153846