0 0.8509615384615384 0.007211538461538462 0.02403846153846154 0.014423076923076924
5 0.828125 0.009615384615384616 0.026442307692307692 0.019230769230769232
5 0.8064903846153846 0.009615384615384616 0.021634615384615384 0.019230769230769232
3 0.7848557692307693 0.01201923076923077 0.021634615384615384 0.02403846153846154
6 0.7632211538461539 0.013221153846153846 0.026442307692307692 0.026442307692307692
0 0.7415865384615384 0.015625 0.026442307692307692 0.03125
8 0.71875 0.016826923076923076 0.02403846153846154 0.03365384615384615
9 0.6983173076923077 0.018028846153846152 0.026442307692307692 0.036057692307692304
8 0.6778846153846154 0.018028846153846152 0.02403846153846154 0.036057692307692304
2 0.6574519230769231 0.019230769230769232 0.026442307692307692 0.038461538461538464
9 0.6346153846153846 0.02283653846153846 0.02403846153846154 0.04567307692307692
0 0.640625 0.19110576923076922 0.028846153846153848 0.06490384615384616
1 0.6237980769230769 0.1935096153846154 0.021634615384615384 0.06490384615384616
0 0.6057692307692307 0.19591346153846154 0.028846153846153848 0.06490384615384616
0 0.5889423076923077 0.19591346153846154 0.028846153846153848 0.0673076923076923
6 0.5697115384615384 0.19951923076923078 0.026442307692307692 0.0673076923076923
7 0.8882211538461539 0.6009615384615384 0.026442307692307692 0.0673076923076923
0 0.8713942307692307 0.6069711538461539 0.028846153846153848 0.0673076923076923
0 0.8533653846153846 0.609375 0.03125 0.07451923076923077
7 0.8257211538461539 0.609375 0.026442307692307692 0.0673076923076923
4 0.8076923076923077 0.6189903846153846 0.026442307692307692 0.0673076923076923
2 0.7884615384615384 0.6201923076923077 0.026442307692307692 0.07211538461538461
1 0.6971153846153846 0.6322115384615384 0.028846153846153848 0.07932692307692307
2 0.7019230769230769 0.7848557692307693 0.026442307692307692 0.0673076923076923
0 0.6838942307692307 0.7872596153846154 0.028846153846153848 0.0673076923076923
1 0.6658653846153846 0.7896634615384616 0.026442307692307692 0.08173076923076923
6 0.6490384615384616 0.7908653846153846 0.028846153846153848 0.07211538461538461
0 0.6322115384615384 0.7980769230769231 0.028846153846153848 0.07451923076923077
0 0.5949519230769231 0.9459134615384616 0.028846153846153848 0.06490384615384616
1 0.5757211538461539 0.9507211538461539 0.021634615384615384 0.0673076923076923
0 0.5600961538461539 0.953125 0.02403846153846154 0.052884615384615384
5 0.5420673076923077 0.9519230769230769 0.026442307692307692 0.06009615384615385
5 0.5240384615384616 0.9543269230769231 0.026442307692307692 0.0673076923076923
1 0.5036057692307693 0.9639423076923077 0.019230769230769232 0.06009615384615385
8 0.4879807692307692 0.9639423076923077 0.028846153846153848 0.06490384615384616
1 0.47115384615384615 0.9651442307692307 0.016826923076923076 0.06009615384615385
0 0.4543269230769231 0.9651442307692307 0.026442307692307692 0.06490384615384616
5 0.4375 0.9651442307692307 0.028846153846153848 0.06490384615384616
6 0.4182692307692308 0.9675480769230769 0.028846153846153848 0.06009615384615385
8 0.4014423076923077 0.96875 0.028846153846153848 0.057692307692307696
9 0.38341346153846156 0.9711538461538461 0.03125 0.052884615384615384