0 0.038461538461538464 0.038461538461538464 0.014423076923076924 0.046875
1 0.06009615384615385 0.038461538461538464 0.008413461538461538 0.046875
0 0.08173076923076923 0.038461538461538464 0.014423076923076924 0.055288461538461536
5 0.1045673076923077 0.038461538461538464 0.016826923076923076 0.055288461538461536
5 0.12620192307692307 0.039663461538461536 0.013221153846153846 0.051682692307692304
3 0.14783653846153846 0.039663461538461536 0.01201923076923077 0.051682692307692304
6 0.17067307692307693 0.039663461538461536 0.016826923076923076 0.051682692307692304
0 0.19230769230769232 0.038461538461538464 0.016826923076923076 0.055288461538461536
8 0.21394230769230768 0.039663461538461536 0.014423076923076924 0.051682692307692304
9 0.23677884615384615 0.039663461538461536 0.016826923076923076 0.051682692307692304
8 0.25721153846153844 0.038461538461538464 0.014423076923076924 0.046875
2 0.2776442307692308 0.038461538461538464 0.016826923076923076 0.046875
9 0.3004807692307692 0.039663461538461536 0.014423076923076924 0.051682692307692304
0 0.3173076923076923 0.21394230769230768 0.020432692307692308 0.0625
1 0.33533653846153844 0.21394230769230768 0.013221153846153846 0.0625
0 0.35336538461538464 0.21394230769230768 0.020432692307692308 0.0625
0 0.3701923076923077 0.21153846153846154 0.020432692307692308 0.06610576923076923
6 0.3894230769230769 0.21153846153846154 0.018028846153846152 0.06610576923076923
7 0.12980769230769232 0.6538461538461539 0.018028846153846152 0.06610576923076923
0 0.1466346153846154 0.6574519230769231 0.020432692307692308 0.06610576923076923
0 0.1658653846153846 0.6574519230769231 0.020432692307692308 0.0733173076923077
7 0.19230769230769232 0.6538461538461539 0.018028846153846152 0.06610576923076923
4 0.21153846153846154 0.6610576923076923 0.016826923076923076 0.06610576923076923
2 0.23076923076923078 0.6586538461538461 0.018028846153846152 0.06971153846153846
1 0.3233173076923077 0.6586538461538461 0.018028846153846152 0.07692307692307693
2 0.3401442307692308 0.8100961538461539 0.018028846153846152 0.06610576923076923
0 0.3581730769230769 0.8100961538461539 0.020432692307692308 0.06610576923076923
1 0.3762019230769231 0.8100961538461539 0.014423076923076924 0.08052884615384616
6 0.39302884615384615 0.8088942307692307 0.020432692307692308 0.06971153846153846
0 0.4110576923076923 0.8137019230769231 0.018028846153846152 0.0733173076923077
0 0.4675480769230769 0.9543269230769231 0.020432692307692308 0.0625
1 0.4879807692307692 0.9567307692307693 0.013221153846153846 0.06610576923076923
0 0.5036057692307693 0.9567307692307693 0.016826923076923076 0.051682692307692304
5 0.5216346153846154 0.953125 0.018028846153846152 0.05889423076923077
5 0.5396634615384616 0.953125 0.018028846153846152 0.06610576923076923
1 0.5612980769230769 0.9603365384615384 0.01201923076923077 0.05889423076923077
8 0.5769230769230769 0.9579326923076923 0.020432692307692308 0.0625
1 0.59375 0.9567307692307693 0.009615384615384616 0.05889423076923077
0 0.6105769230769231 0.9543269230769231 0.018028846153846152 0.0625
5 0.6286057692307693 0.953125 0.016826923076923076 0.06610576923076923
6 0.6466346153846154 0.9579326923076923 0.016826923076923076 0.06971153846153846
8 0.6634615384615384 0.9567307692307693 0.018028846153846152 0.06610576923076923
9 0.6826923076923077 0.9615384615384616 0.020432692307692308 0.06971153846153846