0 0.28365384615384615 0.14903846153846154 0.021634615384615384 0.0889423076923077
1 0.30528846153846156 0.14903846153846154 0.021634615384615384 0.09615384615384616
2 0.3233173076923077 0.14423076923076922 0.01201923076923077 0.0889423076923077
3 0.3425480769230769 0.1466346153846154 0.018028846153846152 0.10096153846153846
3 0.3629807692307692 0.1502403846153846 0.019230769230769232 0.10096153846153846
2 0.38221153846153844 0.1466346153846154 0.01201923076923077 0.09254807692307693
5 0.40024038461538464 0.14903846153846154 0.019230769230769232 0.09615384615384616
3 0.25841346153846156 0.34134615384615385 0.028846153846153848 0.1045673076923077
2 0.2824519230769231 0.3449519230769231 0.015625 0.11298076923076923
2 0.31009615384615385 0.34375 0.014423076923076924 0.125
3 0.328125 0.34134615384615385 0.021634615384615384 0.11298076923076923
1 0.3605769230769231 0.3389423076923077 0.018028846153846152 0.10096153846153846
4 0.3786057692307692 0.34134615384615385 0.015625 0.1045673076923077
0 0.39783653846153844 0.3389423076923077 0.018028846153846152 0.10096153846153846
1 0.41947115384615385 0.3449519230769231 0.021634615384615384 0.11298076923076923
5 0.25721153846153844 0.6201923076923077 0.021634615384615384 0.09254807692307693
3 0.28125 0.6201923076923077 0.02283653846153846 0.09254807692307693
2 0.35697115384615385 0.7848557692307693 0.015625 0.10096153846153846
2 0.375 0.7848557692307693 0.019230769230769232 0.10096153846153846
3 0.39783653846153844 0.7848557692307693 0.018028846153846152 0.08413461538461539
6 0.41586538461538464 0.7848557692307693 0.019230769230769232 0.09254807692307693
3 0.4362980769230769 0.78125 0.015625 0.08413461538461539
3 0.453125 0.7896634615384616 0.019230769230769232 0.10817307692307693
3 0.47115384615384615 0.7908653846153846 0.019230769230769232 0.1045673076923077
3 0.49158653846153844 0.7896634615384616 0.018028846153846152 0.09254807692307693
3 0.5096153846153846 0.7956730769230769 0.018028846153846152 0.09615384615384616
9 0.5288461538461539 0.7932692307692307 0.019230769230769232 0.10096153846153846
2 0.5516826923076923 0.7908653846153846 0.019230769230769232 0.0889423076923077
5 0.6850961538461539 0.6322115384615384 0.019230769230769232 0.10096153846153846
2 0.7055288461538461 0.6370192307692307 0.015625 0.10096153846153846
2 0.7367788461538461 0.6370192307692307 0.014423076923076924 0.09254807692307693
3 0.7536057692307693 0.640625 0.018028846153846152 0.10096153846153846
1 0.7848557692307693 0.6430288461538461 0.015625 0.09615384615384616
4 0.8028846153846154 0.640625 0.015625 0.09254807692307693
0 0.8221153846153846 0.640625 0.019230769230769232 0.10096153846153846
1 0.8425480769230769 0.6466346153846154 0.015625 0.09615384615384616