0 0.014423076923076924 0.890625 0.02403846153846154 0.057692307692307696
5 0.037259615384615384 0.8942307692307693 0.026442307692307692 0.057692307692307696
5 0.05889423076923077 0.8966346153846154 0.021634615384615384 0.052884615384615384
3 0.08052884615384616 0.8990384615384616 0.019230769230769232 0.052884615384615384
6 0.10216346153846154 0.9026442307692307 0.02403846153846154 0.052884615384615384
0 0.12379807692307693 0.9074519230769231 0.026442307692307692 0.057692307692307696
8 0.14543269230769232 0.9098557692307693 0.021634615384615384 0.052884615384615384
9 0.16826923076923078 0.9134615384615384 0.02403846153846154 0.052884615384615384
8 0.1875 0.9182692307692307 0.021634615384615384 0.04807692307692308
2 0.20793269230769232 0.9206730769230769 0.02403846153846154 0.04807692307692308
9 0.23076923076923078 0.9230769230769231 0.021634615384615384 0.052884615384615384
0 0.27524038461538464 0.7536057692307693 0.028846153846153848 0.06490384615384616
1 0.2920673076923077 0.7572115384615384 0.021634615384615384 0.06490384615384616
0 0.31009615384615385 0.7596153846153846 0.028846153846153848 0.06490384615384616
0 0.3269230769230769 0.7644230769230769 0.03125 0.0673076923076923
6 0.34615384615384615 0.7680288461538461 0.028846153846153848 0.0673076923076923
7 0.15865384615384615 0.28966346153846156 0.028846153846153848 0.0673076923076923
0 0.17548076923076922 0.28966346153846156 0.03125 0.0673076923076923
0 0.19471153846153846 0.2920673076923077 0.03125 0.07451923076923077
7 0.21995192307692307 0.3004807692307692 0.028846153846153848 0.0673076923076923
4 0.2403846153846154 0.2956730769230769 0.026442307692307692 0.0673076923076923
2 0.25841346153846156 0.3016826923076923 0.028846153846153848 0.07211538461538461
1 0.34975961538461536 0.3161057692307692 0.028846153846153848 0.07932692307692307
2 0.390625 0.16826923076923078 0.028846153846153848 0.0673076923076923
0 0.40865384615384615 0.171875 0.03125 0.0673076923076923
1 0.4266826923076923 0.17427884615384615 0.026442307692307692 0.08173076923076923
6 0.4423076923076923 0.1778846153846154 0.03125 0.07211538461538461
0 0.46153846153846156 0.17668269230769232 0.028846153846153848 0.07451923076923077
0 0.5384615384615384 0.04567307692307692 0.028846153846153848 0.06490384615384616
1 0.5600961538461539 0.046875 0.02403846153846154 0.0673076923076923
0 0.5745192307692307 0.04927884615384615 0.02403846153846154 0.052884615384615384
5 0.5925480769230769 0.055288461538461536 0.026442307692307692 0.06009615384615385
5 0.6105769230769231 0.05889423076923077 0.028846153846153848 0.0673076923076923
1 0.6322115384615384 0.055288461538461536 0.021634615384615384 0.06009615384615385
8 0.6478365384615384 0.06009615384615385 0.028846153846153848 0.06490384615384616
1 0.6634615384615384 0.06370192307692307 0.019230769230769232 0.06009615384615385
0 0.6802884615384616 0.06850961538461539 0.026442307692307692 0.06490384615384616
5 0.6983173076923077 0.07211538461538461 0.026442307692307692 0.0673076923076923
6 0.7163461538461539 0.07091346153846154 0.026442307692307692 0.07211538461538461
8 0.7331730769230769 0.07451923076923077 0.028846153846153848 0.0673076923076923
9 0.7524038461538461 0.0733173076923077 0.03125 0.07211538461538461