0 0.09014423076923077 0.9903846153846154 0.021634615384615384 0.014423076923076924
1 0.11177884615384616 0.9891826923076923 0.016826923076923076 0.016826923076923076
0 0.13341346153846154 0.9855769230769231 0.021634615384615384 0.02403846153846154
5 0.15625 0.984375 0.02403846153846154 0.026442307692307692
5 0.17668269230769232 0.9831730769230769 0.021634615384615384 0.028846153846153848
3 0.19951923076923078 0.9831730769230769 0.019230769230769232 0.028846153846153848
6 0.22115384615384615 0.9819711538461539 0.02403846153846154 0.03125
0 0.24278846153846154 0.9795673076923077 0.02403846153846154 0.036057692307692304
8 0.26322115384615385 0.9795673076923077 0.021634615384615384 0.036057692307692304
9 0.2860576923076923 0.9783653846153846 0.02403846153846154 0.038461538461538464
8 0.30649038461538464 0.9783653846153846 0.021634615384615384 0.038461538461538464
2 0.3269230769230769 0.9771634615384616 0.02403846153846154 0.040865384615384616
9 0.34975961538461536 0.9747596153846154 0.021634615384615384 0.04567307692307692
0 0.3485576923076923 0.8040865384615384 0.026442307692307692 0.06490384615384616
1 0.36658653846153844 0.8016826923076923 0.019230769230769232 0.0625
0 0.38461538461538464 0.7992788461538461 0.026442307692307692 0.06490384615384616
0 0.4014423076923077 0.8004807692307693 0.026442307692307692 0.0673076923076923
6 0.4206730769230769 0.7980769230769231 0.02403846153846154 0.0673076923076923
7 0.11538461538461539 0.3858173076923077 0.02403846153846154 0.0673076923076923
0 0.13221153846153846 0.3798076923076923 0.026442307692307692 0.0673076923076923
0 0.15144230769230768 0.3786057692307692 0.028846153846153848 0.07451923076923077
7 0.1778846153846154 0.3786057692307692 0.02403846153846154 0.0673076923076923
4 0.19591346153846154 0.3701923076923077 0.02403846153846154 0.0673076923076923
2 0.21514423076923078 0.3701923076923077 0.02403846153846154 0.07211538461538461
1 0.3076923076923077 0.3605769230769231 0.026442307692307692 0.07932692307692307
2 0.3088942307692308 0.20793269230769232 0.02403846153846154 0.0673076923076923
0 0.3269230769230769 0.20673076923076922 0.026442307692307692 0.0673076923076923
1 0.3449519230769231 0.20432692307692307 0.021634615384615384 0.08173076923076923
6 0.36177884615384615 0.20432692307692307 0.026442307692307692 0.07211538461538461
0 0.3786057692307692 0.1971153846153846 0.026442307692307692 0.07451923076923077
0 0.4206730769230769 0.051682692307692304 0.026442307692307692 0.06490384615384616
1 0.43990384615384615 0.046875 0.019230769230769232 0.0673076923076923
0 0.45552884615384615 0.04567307692307692 0.021634615384615384 0.052884615384615384
5 0.4735576923076923 0.046875 0.02403846153846154 0.06009615384615385
5 0.49158653846153844 0.04567307692307692 0.02403846153846154 0.0673076923076923
1 0.5132211538461539 0.036057692307692304 0.019230769230769232 0.06009615384615385
8 0.5288461538461539 0.036057692307692304 0.026442307692307692 0.06490384615384616
1 0.5456730769230769 0.036057692307692304 0.016826923076923076 0.06009615384615385
0 0.5625 0.036057692307692304 0.02403846153846154 0.06490384615384616
5 0.5805288461538461 0.036057692307692304 0.02403846153846154 0.0673076923076923
6 0.5997596153846154 0.03365384615384615 0.026442307692307692 0.0673076923076923
8 0.6165865384615384 0.03245192307692308 0.026442307692307692 0.06490384615384616
9 0.6346153846153846 0.030048076923076924 0.028846153846153848 0.06009615384615385