3 0.7596153846153846 0.004807692307692308 0.02403846153846154 0.009615384615384616
6 0.7355769230769231 0.007211538461538462 0.028846153846153848 0.014423076923076924
0 0.7139423076923077 0.009615384615384616 0.028846153846153848 0.019230769230769232
8 0.6935096153846154 0.010817307692307692 0.026442307692307692 0.021634615384615384
9 0.6706730769230769 0.013221153846153846 0.028846153846153848 0.026442307692307692
8 0.6502403846153846 0.013221153846153846 0.026442307692307692 0.026442307692307692
2 0.6298076923076923 0.015625 0.028846153846153848 0.03125
9 0.609375 0.019230769230769232 0.026442307692307692 0.038461538461538464
0 0.625 0.18389423076923078 0.03125 0.06490384615384616
1 0.6069711538461539 0.1875 0.02403846153846154 0.06490384615384616
0 0.5889423076923077 0.19110576923076922 0.03125 0.06490384615384616
0 0.5721153846153846 0.19230769230769232 0.03365384615384615 0.06971153846153846
6 0.5540865384615384 0.19591346153846154 0.03125 0.0673076923076923
7 0.8930288461538461 0.5805288461538461 0.03125 0.0673076923076923
0 0.8774038461538461 0.5865384615384616 0.03365384615384615 0.06971153846153846
0 0.8581730769230769 0.5913461538461539 0.03365384615384615 0.07692307692307693
7 0.8317307692307693 0.5925480769230769 0.03125 0.0673076923076923
4 0.8137019230769231 0.6033653846153846 0.028846153846153848 0.0673076923076923
2 0.7944711538461539 0.6045673076923077 0.03125 0.07211538461538461
1 0.703125 0.6225961538461539 0.03125 0.07932692307692307
2 0.7163461538461539 0.7740384615384616 0.03125 0.0673076923076923
0 0.6983173076923077 0.7776442307692307 0.03365384615384615 0.06971153846153846
1 0.6802884615384616 0.78125 0.028846153846153848 0.08173076923076923
6 0.6634615384615384 0.7824519230769231 0.03365384615384615 0.07211538461538461
0 0.6466346153846154 0.7908653846153846 0.03125 0.07451923076923077
0 0.6189903846153846 0.9399038461538461 0.03125 0.06490384615384616
1 0.5985576923076923 0.9459134615384616 0.026442307692307692 0.0673076923076923
0 0.5841346153846154 0.9495192307692307 0.026442307692307692 0.052884615384615384
5 0.5649038461538461 0.9495192307692307 0.028846153846153848 0.06009615384615385
5 0.5480769230769231 0.9519230769230769 0.03125 0.0673076923076923
1 0.5276442307692307 0.9639423076923077 0.02403846153846154 0.06009615384615385
8 0.5120192307692307 0.9639423076923077 0.03125 0.06490384615384616
1 0.4951923076923077 0.9663461538461539 0.021634615384615384 0.06009615384615385
0 0.4795673076923077 0.9663461538461539 0.03125 0.0625
5 0.46033653846153844 0.9663461538461539 0.03125 0.0625
6 0.44350961538461536 0.96875 0.03125 0.057692307692307696
8 0.42788461538461536 0.9711538461538461 0.03365384615384615 0.052884615384615384
9 0.4098557692307692 0.9747596153846154 0.036057692307692304 0.04567307692307692