0 0.9615384615384616 0.038461538461538464 0.014423076923076924 0.046875
1 0.9399038461538461 0.038461538461538464 0.008413461538461538 0.046875
0 0.9182692307692307 0.038461538461538464 0.014423076923076924 0.055288461538461536
5 0.8954326923076923 0.038461538461538464 0.016826923076923076 0.055288461538461536
5 0.8737980769230769 0.039663461538461536 0.013221153846153846 0.051682692307692304
3 0.8521634615384616 0.039663461538461536 0.01201923076923077 0.051682692307692304
6 0.8293269230769231 0.039663461538461536 0.016826923076923076 0.051682692307692304
0 0.8076923076923077 0.038461538461538464 0.016826923076923076 0.055288461538461536
8 0.7860576923076923 0.039663461538461536 0.014423076923076924 0.051682692307692304
9 0.7632211538461539 0.039663461538461536 0.016826923076923076 0.051682692307692304
8 0.7427884615384616 0.038461538461538464 0.014423076923076924 0.046875
2 0.7223557692307693 0.038461538461538464 0.016826923076923076 0.046875
9 0.6995192307692307 0.039663461538461536 0.014423076923076924 0.051682692307692304
0 0.6826923076923077 0.21394230769230768 0.020432692307692308 0.0625
1 0.6646634615384616 0.21394230769230768 0.013221153846153846 0.0625
0 0.6466346153846154 0.21394230769230768 0.020432692307692308 0.0625
0 0.6298076923076923 0.21153846153846154 0.020432692307692308 0.06610576923076923
6 0.6105769230769231 0.21153846153846154 0.018028846153846152 0.06610576923076923
7 0.8701923076923077 0.6538461538461539 0.018028846153846152 0.06610576923076923
0 0.8533653846153846 0.6574519230769231 0.020432692307692308 0.06610576923076923
0 0.8341346153846154 0.6574519230769231 0.020432692307692308 0.0733173076923077
7 0.8076923076923077 0.6538461538461539 0.018028846153846152 0.06610576923076923
4 0.7884615384615384 0.6610576923076923 0.016826923076923076 0.06610576923076923
2 0.7692307692307693 0.6586538461538461 0.018028846153846152 0.06971153846153846
1 0.6766826923076923 0.6586538461538461 0.018028846153846152 0.07692307692307693
2 0.6598557692307693 0.8100961538461539 0.018028846153846152 0.06610576923076923
0 0.6418269230769231 0.8100961538461539 0.020432692307692308 0.06610576923076923
1 0.6237980769230769 0.8100961538461539 0.014423076923076924 0.08052884615384616
6 0.6069711538461539 0.8088942307692307 0.020432692307692308 0.06971153846153846
0 0.5889423076923077 0.8137019230769231 0.018028846153846152 0.0733173076923077
0 0.5324519230769231 0.9543269230769231 0.020432692307692308 0.0625
1 0.5120192307692307 0.9567307692307693 0.013221153846153846 0.06610576923076923
0 0.4963942307692308 0.9567307692307693 0.016826923076923076 0.051682692307692304
5 0.47836538461538464 0.953125 0.018028846153846152 0.05889423076923077
5 0.46033653846153844 0.953125 0.018028846153846152 0.06610576923076923
1 0.4387019230769231 0.9603365384615384 0.01201923076923077 0.05889423076923077
8 0.4230769230769231 0.9579326923076923 0.020432692307692308 0.0625
1 0.40625 0.9567307692307693 0.009615384615384616 0.05889423076923077
0 0.3894230769230769 0.9543269230769231 0.018028846153846152 0.0625
5 0.3713942307692308 0.953125 0.016826923076923076 0.06610576923076923
6 0.35336538461538464 0.9579326923076923 0.016826923076923076 0.06971153846153846
8 0.33653846153846156 0.9567307692307693 0.018028846153846152 0.06610576923076923
9 0.3173076923076923 0.9615384615384616 0.020432692307692308 0.06971153846153846