0 0.953125 0.030048076923076924 0.014423076923076924 0.04807692307692308
1 0.9314903846153846 0.03125 0.009615384615384616 0.04807692307692308
0 0.9098557692307693 0.03125 0.014423076923076924 0.055288461538461536
5 0.8870192307692307 0.03125 0.016826923076923076 0.055288461538461536
5 0.8653846153846154 0.03365384615384615 0.014423076923076924 0.052884615384615384
3 0.84375 0.03365384615384615 0.01201923076923077 0.052884615384615384
6 0.8209134615384616 0.03365384615384615 0.016826923076923076 0.052884615384615384
0 0.7992788461538461 0.03365384615384615 0.016826923076923076 0.055288461538461536
8 0.7776442307692307 0.03485576923076923 0.014423076923076924 0.052884615384615384
9 0.7548076923076923 0.03485576923076923 0.016826923076923076 0.052884615384615384
8 0.734375 0.03485576923076923 0.014423076923076924 0.04807692307692308
2 0.7139423076923077 0.03485576923076923 0.016826923076923076 0.04807692307692308
9 0.6911057692307693 0.036057692307692304 0.014423076923076924 0.052884615384615384
0 0.6778846153846154 0.21033653846153846 0.021634615384615384 0.0625
1 0.6598557692307693 0.21153846153846154 0.014423076923076924 0.0625
0 0.6418269230769231 0.21153846153846154 0.021634615384615384 0.0625
0 0.625 0.2091346153846154 0.021634615384615384 0.0673076923076923
6 0.6057692307692307 0.2091346153846154 0.019230769230769232 0.0673076923076923
7 0.8725961538461539 0.6478365384615384 0.019230769230769232 0.0673076923076923
0 0.8557692307692307 0.6514423076923077 0.021634615384615384 0.0673076923076923
0 0.8365384615384616 0.6514423076923077 0.021634615384615384 0.07451923076923077
7 0.8100961538461539 0.6490384615384616 0.019230769230769232 0.0673076923076923
4 0.7908653846153846 0.65625 0.016826923076923076 0.0673076923076923
2 0.7716346153846154 0.6538461538461539 0.019230769230769232 0.06971153846153846
1 0.6790865384615384 0.6550480769230769 0.019230769230769232 0.07692307692307693
2 0.6646634615384616 0.8076923076923077 0.019230769230769232 0.0673076923076923
0 0.6466346153846154 0.8076923076923077 0.021634615384615384 0.0673076923076923
1 0.6286057692307693 0.8076923076923077 0.016826923076923076 0.08173076923076923
6 0.6117788461538461 0.8064903846153846 0.021634615384615384 0.06971153846153846
0 0.5949519230769231 0.8125 0.019230769230769232 0.07451923076923077
0 0.5408653846153846 0.953125 0.021634615384615384 0.0625
1 0.5204326923076923 0.9567307692307693 0.014423076923076924 0.0673076923076923
0 0.5048076923076923 0.9567307692307693 0.016826923076923076 0.052884615384615384
5 0.48677884615384615 0.953125 0.019230769230769232 0.06009615384615385
5 0.46875 0.9543269230769231 0.019230769230769232 0.0673076923076923
1 0.44711538461538464 0.9615384615384616 0.01201923076923077 0.06009615384615385
8 0.43149038461538464 0.9591346153846154 0.021634615384615384 0.0625
1 0.41466346153846156 0.9579326923076923 0.009615384615384616 0.06009615384615385
0 0.39783653846153844 0.9567307692307693 0.019230769230769232 0.0625
5 0.3798076923076923 0.9555288461538461 0.016826923076923076 0.0673076923076923
6 0.36177884615384615 0.9603365384615384 0.019230769230769232 0.06971153846153846
8 0.3449519230769231 0.9591346153846154 0.019230769230769232 0.0673076923076923
9 0.3269230769230769 0.9639423076923077 0.02403846153846154 0.0673076923076923