8 0.6754807692307693 0.006009615384615385 0.028846153846153848 0.01201923076923077
9 0.6526442307692307 0.009615384615384616 0.03125 0.019230769230769232
8 0.6310096153846154 0.01201923076923077 0.03125 0.02403846153846154
2 0.6105769230769231 0.015625 0.028846153846153848 0.03125
9 0.5913461538461539 0.019230769230769232 0.028846153846153848 0.038461538461538464
0 0.6081730769230769 0.1814903846153846 0.03365384615384615 0.057692307692307696
1 0.5889423076923077 0.1875 0.028846153846153848 0.06009615384615385
0 0.5733173076923077 0.18990384615384615 0.03125 0.057692307692307696
0 0.5564903846153846 0.19471153846153846 0.03125 0.0673076923076923
4 0.5372596153846154 0.19951923076923078 0.03365384615384615 0.07451923076923077
1 0.8834134615384616 0.5516826923076923 0.026442307692307692 0.0625
1 0.8665865384615384 0.5564903846153846 0.026442307692307692 0.06971153846153846
6 0.8485576923076923 0.5576923076923077 0.036057692307692304 0.07692307692307693
5 0.5661057692307693 0.6286057692307693 0.03365384615384615 0.07211538461538461
8 0.546875 0.6346153846153846 0.028846153846153848 0.0673076923076923
4 0.453125 0.6598557692307693 0.03365384615384615 0.06971153846153846
1 0.5733173076923077 0.7860576923076923 0.028846153846153848 0.0673076923076923
0 0.5564903846153846 0.7908653846153846 0.03365384615384615 0.06971153846153846
1 0.5384615384615384 0.7920673076923077 0.026442307692307692 0.06971153846153846
2 0.5228365384615384 0.7980769230769231 0.03125 0.0673076923076923
0 0.5024038461538461 0.8004807692307693 0.03125 0.06490384615384616
0 0.6153846153846154 0.9230769230769231 0.036057692307692304 0.06971153846153846
1 0.5973557692307693 0.9290865384615384 0.02403846153846154 0.057692307692307696
0 0.5805288461538461 0.9326923076923077 0.03125 0.057692307692307696
5 0.5612980769230769 0.9375 0.028846153846153848 0.06490384615384616
5 0.5444711538461539 0.9411057692307693 0.028846153846153848 0.06490384615384616
2 0.5264423076923077 0.9471153846153846 0.028846153846153848 0.0673076923076923
5 0.5096153846153846 0.9507211538461539 0.026442307692307692 0.06009615384615385
0 0.49399038461538464 0.9579326923076923 0.03365384615384615 0.055288461538461536
1 0.47596153846153844 0.9543269230769231 0.03365384615384615 0.07451923076923077
5 0.45913461538461536 0.9627403846153846 0.028846153846153848 0.055288461538461536
0 0.4411057692307692 0.9663461538461539 0.028846153846153848 0.06009615384615385
4 0.4266826923076923 0.9699519230769231 0.03125 0.055288461538461536
7 0.40625 0.96875 0.03365384615384615 0.057692307692307696