0 0.040865384615384616 0.9615384615384616 0.020432692307692308 0.055288461538461536
1 0.0625 0.9615384615384616 0.009615384615384616 0.046875
0 0.08413461538461539 0.9651442307692307 0.016826923076923076 0.046875
5 0.10576923076923077 0.9651442307692307 0.013221153846153846 0.055288461538461536
5 0.12860576923076922 0.9639423076923077 0.014423076923076924 0.051682692307692304
3 0.1466346153846154 0.9651442307692307 0.013221153846153846 0.055288461538461536
6 0.17067307692307693 0.9651442307692307 0.018028846153846152 0.055288461538461536
0 0.19230769230769232 0.9651442307692307 0.016826923076923076 0.055288461538461536
8 0.21394230769230768 0.9639423076923077 0.014423076923076924 0.051682692307692304
9 0.23677884615384615 0.9639423076923077 0.016826923076923076 0.051682692307692304
8 0.25841346153846156 0.9639423076923077 0.016826923076923076 0.051682692307692304
2 0.27884615384615385 0.9639423076923077 0.013221153846153846 0.05889423076923077
9 0.3004807692307692 0.9603365384615384 0.014423076923076924 0.05889423076923077
0 0.3233173076923077 0.7860576923076923 0.021634615384615384 0.055288461538461536
1 0.3425480769230769 0.7848557692307693 0.016826923076923076 0.05889423076923077
0 0.3581730769230769 0.7860576923076923 0.020432692307692308 0.055288461538461536
0 0.3762019230769231 0.7848557692307693 0.018028846153846152 0.06610576923076923
4 0.3954326923076923 0.7848557692307693 0.016826923076923076 0.0733173076923077
1 0.13822115384615385 0.3629807692307692 0.01201923076923077 0.0625
1 0.15504807692307693 0.3629807692307692 0.01201923076923077 0.06971153846153846
6 0.17307692307692307 0.36538461538461536 0.020432692307692308 0.0733173076923077
5 0.4651442307692308 0.359375 0.018028846153846152 0.06971153846153846
8 0.484375 0.3581730769230769 0.013221153846153846 0.06610576923076923
4 0.5817307692307693 0.3545673076923077 0.020432692307692308 0.06610576923076923
1 0.49278846153846156 0.20432692307692307 0.013221153846153846 0.06610576923076923
0 0.5108173076923077 0.20432692307692307 0.020432692307692308 0.06610576923076923
1 0.5276442307692307 0.20673076923076922 0.01201923076923077 0.06971153846153846
2 0.5444711538461539 0.20432692307692307 0.018028846153846152 0.06610576923076923
0 0.5649038461538461 0.20673076923076922 0.018028846153846152 0.0625
0 0.4831730769230769 0.0625 0.02283653846153846 0.06610576923076923
1 0.5012019230769231 0.06009615384615385 0.01201923076923077 0.055288461538461536
0 0.5192307692307693 0.06009615384615385 0.020432692307692308 0.055288461538461536
5 0.5384615384615384 0.06009615384615385 0.014423076923076924 0.0625
5 0.5564903846153846 0.06009615384615385 0.014423076923076924 0.0625
2 0.5745192307692307 0.05889423076923077 0.014423076923076924 0.06610576923076923
5 0.5925480769230769 0.05889423076923077 0.014423076923076924 0.05889423076923077
0 0.609375 0.055288461538461536 0.021634615384615384 0.051682692307692304
1 0.6262019230769231 0.0625 0.016826923076923076 0.0733173076923077
5 0.6442307692307693 0.05889423076923077 0.016826923076923076 0.051682692307692304
0 0.6622596153846154 0.05889423076923077 0.016826923076923076 0.05889423076923077
4 0.6790865384615384 0.055288461538461536 0.016826923076923076 0.05889423076923077
7 0.6995192307692307 0.05889423076923077 0.016826923076923076 0.06610576923076923