0 0.9939903846153846 0.9122596153846154 0.007211538461538462 0.06009615384615385
1 0.9831730769230769 0.9134615384615384 0.014423076923076924 0.04807692307692308
0 0.9627403846153846 0.9194711538461539 0.021634615384615384 0.04807692307692308
5 0.9411057692307693 0.921875 0.019230769230769232 0.055288461538461536
5 0.9182692307692307 0.9230769230769231 0.019230769230769232 0.052884615384615384
3 0.9002403846153846 0.9254807692307693 0.019230769230769232 0.055288461538461536
6 0.8762019230769231 0.9278846153846154 0.02403846153846154 0.057692307692307696
0 0.8545673076923077 0.9302884615384616 0.021634615384615384 0.057692307692307696
8 0.8329326923076923 0.9314903846153846 0.019230769230769232 0.052884615384615384
9 0.8100961538461539 0.9338942307692307 0.021634615384615384 0.052884615384615384
8 0.7884615384615384 0.9362980769230769 0.021634615384615384 0.052884615384615384
2 0.7680288461538461 0.9387019230769231 0.019230769230769232 0.06009615384615385
9 0.7463942307692307 0.9375 0.021634615384615384 0.06009615384615385
0 0.7055288461538461 0.765625 0.026442307692307692 0.057692307692307696
1 0.6862980769230769 0.7668269230769231 0.02403846153846154 0.06009615384615385
0 0.6706730769230769 0.7692307692307693 0.026442307692307692 0.057692307692307696
0 0.6526442307692307 0.7704326923076923 0.02403846153846154 0.0673076923076923
4 0.6334134615384616 0.7728365384615384 0.02403846153846154 0.07451923076923077
1 0.8449519230769231 0.32572115384615385 0.019230769230769232 0.0625
1 0.8293269230769231 0.328125 0.019230769230769232 0.06971153846153846
6 0.8112980769230769 0.3317307692307692 0.028846153846153848 0.07451923076923077
5 0.5204326923076923 0.35697115384615385 0.02403846153846154 0.07211538461538461
8 0.5012019230769231 0.35697115384615385 0.019230769230769232 0.0673076923076923
4 0.40384615384615385 0.3641826923076923 0.026442307692307692 0.0673076923076923
1 0.47596153846153844 0.20552884615384615 0.019230769230769232 0.0673076923076923
0 0.4579326923076923 0.20673076923076922 0.026442307692307692 0.0673076923076923
1 0.4423076923076923 0.21153846153846154 0.019230769230769232 0.06971153846153846
2 0.42427884615384615 0.21033653846153846 0.02403846153846154 0.0673076923076923
0 0.4050480769230769 0.21514423076923078 0.02403846153846154 0.06490384615384616
0 0.47115384615384615 0.06370192307692307 0.028846153846153848 0.0673076923076923
1 0.453125 0.0625 0.016826923076923076 0.055288461538461536
0 0.43509615384615385 0.06490384615384616 0.026442307692307692 0.057692307692307696
5 0.41586538461538464 0.06610576923076923 0.021634615384615384 0.0625
5 0.39783653846153844 0.06850961538461539 0.021634615384615384 0.0625
2 0.3798076923076923 0.06850961538461539 0.021634615384615384 0.0673076923076923
5 0.36177884615384615 0.07091346153846154 0.021634615384615384 0.06009615384615385
0 0.3449519230769231 0.06971153846153846 0.026442307692307692 0.052884615384615384
1 0.3293269230769231 0.078125 0.02403846153846154 0.07451923076923077
5 0.31009615384615385 0.07692307692307693 0.021634615384615384 0.052884615384615384
0 0.2920673076923077 0.078125 0.02403846153846154 0.06009615384615385
4 0.27524038461538464 0.07692307692307693 0.02403846153846154 0.06009615384615385
7 0.25600961538461536 0.08173076923076923 0.02403846153846154 0.0673076923076923