0 0.016826923076923076 0.06370192307692307 0.02403846153846154 0.055288461538461536
1 0.038461538461538464 0.0625 0.01201923076923077 0.04807692307692308
0 0.06009615384615385 0.057692307692307696 0.019230769230769232 0.04807692307692308
5 0.08173076923076923 0.056490384615384616 0.016826923076923076 0.055288461538461536
5 0.1045673076923077 0.056490384615384616 0.016826923076923076 0.052884615384615384
3 0.12259615384615384 0.054086538461538464 0.016826923076923076 0.055288461538461536
6 0.1466346153846154 0.052884615384615384 0.021634615384615384 0.055288461538461536
0 0.16826923076923078 0.051682692307692304 0.019230769230769232 0.055288461538461536
8 0.18990384615384615 0.051682692307692304 0.016826923076923076 0.052884615384615384
9 0.2127403846153846 0.05048076923076923 0.019230769230769232 0.052884615384615384
8 0.234375 0.04927884615384615 0.019230769230769232 0.052884615384615384
2 0.2548076923076923 0.04807692307692308 0.016826923076923076 0.06009615384615385
9 0.2764423076923077 0.05048076923076923 0.016826923076923076 0.06009615384615385
0 0.3088942307692308 0.22355769230769232 0.02403846153846154 0.055288461538461536
1 0.328125 0.22355769230769232 0.019230769230769232 0.06009615384615385
0 0.34375 0.22235576923076922 0.02403846153846154 0.055288461538461536
0 0.36177884615384615 0.22235576923076922 0.021634615384615384 0.0673076923076923
4 0.38100961538461536 0.22115384615384615 0.021634615384615384 0.07451923076923077
1 0.14543269230769232 0.65625 0.014423076923076924 0.0625
1 0.1622596153846154 0.6550480769230769 0.016826923076923076 0.06971153846153846
6 0.18028846153846154 0.6514423076923077 0.02403846153846154 0.07451923076923077
5 0.4723557692307692 0.6418269230769231 0.021634615384615384 0.06971153846153846
8 0.49158653846153844 0.6430288461538461 0.016826923076923076 0.0673076923076923
4 0.5889423076923077 0.640625 0.02403846153846154 0.0673076923076923
1 0.5084134615384616 0.7956730769230769 0.016826923076923076 0.0673076923076923
0 0.5264423076923077 0.7944711538461539 0.02403846153846154 0.0673076923076923
1 0.5432692307692307 0.7908653846153846 0.016826923076923076 0.06971153846153846
2 0.5600961538461539 0.7932692307692307 0.021634615384615384 0.0673076923076923
0 0.5805288461538461 0.7896634615384616 0.021634615384615384 0.0625
0 0.5060096153846154 0.9375 0.026442307692307692 0.0673076923076923
1 0.5240384615384616 0.9387019230769231 0.014423076923076924 0.055288461538461536
0 0.5420673076923077 0.9387019230769231 0.02403846153846154 0.055288461538461536
5 0.5612980769230769 0.9375 0.016826923076923076 0.0625
5 0.5793269230769231 0.9362980769230769 0.016826923076923076 0.0625
2 0.5973557692307693 0.9362980769230769 0.016826923076923076 0.0673076923076923
5 0.6153846153846154 0.9350961538461539 0.016826923076923076 0.06009615384615385
0 0.6322115384615384 0.9387019230769231 0.02403846153846154 0.052884615384615384
1 0.6490384615384616 0.9302884615384616 0.021634615384615384 0.07451923076923077
5 0.6670673076923077 0.9326923076923077 0.019230769230769232 0.052884615384615384
0 0.6850961538461539 0.9314903846153846 0.019230769230769232 0.06009615384615385
4 0.7019230769230769 0.9350961538461539 0.019230769230769232 0.06009615384615385
7 0.7223557692307693 0.9302884615384616 0.019230769230769232 0.0673076923076923