0 0.04927884615384615 0.030048076923076924 0.021634615384615384 0.055288461538461536
1 0.07091346153846154 0.03125 0.009615384615384616 0.04807692307692308
0 0.09254807692307693 0.027644230769230768 0.016826923076923076 0.04807692307692308
5 0.1141826923076923 0.027644230769230768 0.014423076923076924 0.055288461538461536
5 0.13701923076923078 0.030048076923076924 0.014423076923076924 0.052884615384615384
3 0.15504807692307693 0.028846153846153848 0.014423076923076924 0.055288461538461536
6 0.17908653846153846 0.028846153846153848 0.019230769230769232 0.055288461538461536
0 0.20072115384615385 0.030048076923076924 0.016826923076923076 0.055288461538461536
8 0.22235576923076922 0.03125 0.014423076923076924 0.052884615384615384
9 0.24519230769230768 0.03125 0.016826923076923076 0.052884615384615384
8 0.2668269230769231 0.03245192307692308 0.016826923076923076 0.052884615384615384
2 0.28725961538461536 0.03245192307692308 0.014423076923076924 0.06009615384615385
9 0.3088942307692308 0.036057692307692304 0.014423076923076924 0.06009615384615385
0 0.328125 0.21033653846153846 0.021634615384615384 0.055288461538461536
1 0.3473557692307692 0.2127403846153846 0.016826923076923076 0.06009615384615385
0 0.3629807692307692 0.21153846153846154 0.021634615384615384 0.055288461538461536
0 0.38100961538461536 0.2127403846153846 0.019230769230769232 0.0673076923076923
4 0.40024038461538464 0.21394230769230768 0.019230769230769232 0.07451923076923077
1 0.13581730769230768 0.6310096153846154 0.01201923076923077 0.0625
1 0.15264423076923078 0.6310096153846154 0.014423076923076924 0.06971153846153846
6 0.17067307692307693 0.6286057692307693 0.021634615384615384 0.07451923076923077
5 0.46274038461538464 0.6394230769230769 0.019230769230769232 0.06971153846153846
8 0.48197115384615385 0.6418269230769231 0.014423076923076924 0.0673076923076923
4 0.5793269230769231 0.6466346153846154 0.021634615384615384 0.0673076923076923
1 0.4879807692307692 0.7956730769230769 0.014423076923076924 0.0673076923076923
0 0.5060096153846154 0.7956730769230769 0.021634615384615384 0.0673076923076923
1 0.5228365384615384 0.7932692307692307 0.014423076923076924 0.06971153846153846
2 0.5396634615384616 0.796875 0.019230769230769232 0.0673076923076923
0 0.5600961538461539 0.7944711538461539 0.019230769230769232 0.0625
0 0.47596153846153844 0.9375 0.02403846153846154 0.0673076923076923
1 0.49399038461538464 0.9399038461538461 0.01201923076923077 0.055288461538461536
0 0.5120192307692307 0.9399038461538461 0.021634615384615384 0.055288461538461536
5 0.53125 0.9411057692307693 0.014423076923076924 0.0625
5 0.5492788461538461 0.9411057692307693 0.014423076923076924 0.0625
2 0.5673076923076923 0.9423076923076923 0.014423076923076924 0.0673076923076923
5 0.5853365384615384 0.9423076923076923 0.014423076923076924 0.06009615384615385
0 0.6021634615384616 0.9471153846153846 0.021634615384615384 0.052884615384615384
1 0.6189903846153846 0.9399038461538461 0.019230769230769232 0.07451923076923077
5 0.6370192307692307 0.9435096153846154 0.016826923076923076 0.052884615384615384
0 0.6550480769230769 0.9435096153846154 0.016826923076923076 0.06009615384615385
4 0.671875 0.9483173076923077 0.016826923076923076 0.06009615384615385
7 0.6923076923076923 0.9447115384615384 0.016826923076923076 0.0673076923076923