0 0.2764423076923077 0.15264423076923078 0.018028846153846152 0.0889423076923077
1 0.296875 0.15264423076923078 0.015625 0.0889423076923077
2 0.31490384615384615 0.14903846153846154 0.015625 0.09615384615384616
3 0.3329326923076923 0.1466346153846154 0.021634615384615384 0.09254807692307693
3 0.35336538461538464 0.1502403846153846 0.019230769230769232 0.10096153846153846
2 0.3737980769230769 0.14903846153846154 0.015625 0.09615384615384616
9 0.3918269230769231 0.15264423076923078 0.018028846153846152 0.0889423076923077
3 0.25 0.34134615384615385 0.026442307692307692 0.1045673076923077
8 0.27403846153846156 0.34375 0.019230769230769232 0.09254807692307693
2 0.3016826923076923 0.3449519230769231 0.014423076923076924 0.11298076923076923
3 0.32091346153846156 0.33774038461538464 0.018028846153846152 0.1045673076923077
1 0.34975961538461536 0.3449519230769231 0.015625 0.1045673076923077
4 0.36778846153846156 0.34134615384615385 0.015625 0.0889423076923077
0 0.38822115384615385 0.34375 0.02283653846153846 0.10817307692307693
1 0.40865384615384615 0.34134615384615385 0.02283653846153846 0.1045673076923077
5 0.25 0.6201923076923077 0.021634615384615384 0.10817307692307693
3 0.27283653846153844 0.6201923076923077 0.021634615384615384 0.10817307692307693
0 0.3125 0.7848557692307693 0.019230769230769232 0.08413461538461539
1 0.33413461538461536 0.78125 0.015625 0.08413461538461539
3 0.35336538461538464 0.7848557692307693 0.018028846153846152 0.11658653846153846
6 0.3737980769230769 0.78125 0.015625 0.09254807692307693
3 0.39302884615384615 0.7848557692307693 0.019230769230769232 0.07572115384615384
2 0.41225961538461536 0.7908653846153846 0.014423076923076924 0.1045673076923077
6 0.42908653846153844 0.7908653846153846 0.019230769230769232 0.1045673076923077
9 0.4495192307692308 0.7956730769230769 0.019230769230769232 0.09615384615384616
3 0.6790865384615384 0.6622596153846154 0.021634615384615384 0.1045673076923077
0 0.7019230769230769 0.6646634615384616 0.021634615384615384 0.11658653846153846
2 0.7319711538461539 0.6622596153846154 0.015625 0.1045673076923077
2 0.75 0.6706730769230769 0.014423076923076924 0.1201923076923077
1 0.7800480769230769 0.6670673076923077 0.015625 0.1201923076923077
4 0.7992788461538461 0.6646634615384616 0.019230769230769232 0.09254807692307693
0 0.8185096153846154 0.6730769230769231 0.018028846153846152 0.10817307692307693
1 0.8401442307692307 0.6730769230769231 0.021634615384615384 0.11658653846153846