0 0.01201923076923077 0.8858173076923077 0.02403846153846154 0.05048076923076923
5 0.03125 0.8894230769230769 0.021634615384615384 0.057692307692307696
5 0.054086538461538464 0.8918269230769231 0.02403846153846154 0.052884615384615384
3 0.07091346153846154 0.8966346153846154 0.021634615384615384 0.057692307692307696
6 0.09495192307692307 0.9014423076923077 0.026442307692307692 0.057692307692307696
0 0.11658653846153846 0.9050480769230769 0.026442307692307692 0.057692307692307696
8 0.13822115384615385 0.9074519230769231 0.02403846153846154 0.052884615384615384
9 0.15985576923076922 0.9110576923076923 0.026442307692307692 0.052884615384615384
8 0.1814903846153846 0.9146634615384616 0.026442307692307692 0.052884615384615384
2 0.20192307692307693 0.9182692307692307 0.02403846153846154 0.06009615384615385
9 0.22355769230769232 0.9182692307692307 0.02403846153846154 0.06009615384615385
0 0.2764423076923077 0.7512019230769231 0.03125 0.057692307692307696
1 0.2956730769230769 0.7536057692307693 0.026442307692307692 0.06009615384615385
0 0.31009615384615385 0.7572115384615384 0.028846153846153848 0.057692307692307696
0 0.328125 0.7596153846153846 0.028846153846153848 0.0673076923076923
4 0.3473557692307692 0.7620192307692307 0.028846153846153848 0.07451923076923077
1 0.16706730769230768 0.3016826923076923 0.021634615384615384 0.0625
1 0.18389423076923078 0.30528846153846156 0.02403846153846154 0.06971153846153846
6 0.20192307692307693 0.31009615384615385 0.03365384615384615 0.07692307692307693
5 0.49038461538461536 0.3557692307692308 0.028846153846153848 0.07211538461538461
8 0.5096153846153846 0.3581730769230769 0.02403846153846154 0.0673076923076923
4 0.6057692307692307 0.3713942307692308 0.03125 0.06971153846153846
1 0.5444711538461539 0.20793269230769232 0.02403846153846154 0.0673076923076923
0 0.5625 0.21033653846153846 0.03125 0.06971153846153846
1 0.578125 0.21634615384615385 0.02403846153846154 0.06971153846153846
2 0.5949519230769231 0.21634615384615385 0.028846153846153848 0.0673076923076923
0 0.6153846153846154 0.22235576923076922 0.028846153846153848 0.06490384615384616
0 0.5588942307692307 0.06610576923076923 0.03365384615384615 0.06971153846153846
1 0.578125 0.0673076923076923 0.021634615384615384 0.057692307692307696
0 0.5949519230769231 0.06971153846153846 0.028846153846153848 0.057692307692307696
5 0.6141826923076923 0.0733173076923077 0.02403846153846154 0.06490384615384616
5 0.6322115384615384 0.07692307692307693 0.02403846153846154 0.06490384615384616
2 0.6502403846153846 0.078125 0.026442307692307692 0.0673076923076923
5 0.6682692307692307 0.08173076923076923 0.02403846153846154 0.06009615384615385
0 0.6850961538461539 0.08052884615384616 0.03125 0.055288461538461536
1 0.7007211538461539 0.09134615384615384 0.028846153846153848 0.07451923076923077
5 0.71875 0.09014423076923077 0.026442307692307692 0.052884615384615384
0 0.7367788461538461 0.09375 0.026442307692307692 0.06009615384615385
4 0.7536057692307693 0.09254807692307693 0.026442307692307692 0.06009615384615385
7 0.7728365384615384 0.09975961538461539 0.028846153846153848 0.0673076923076923