0 0.9507211538461539 0.9699519230769231 0.021634615384615384 0.055288461538461536
1 0.9290865384615384 0.96875 0.009615384615384616 0.04807692307692308
0 0.9074519230769231 0.9723557692307693 0.016826923076923076 0.04807692307692308
5 0.8858173076923077 0.9711538461538461 0.016826923076923076 0.052884615384615384
5 0.8629807692307693 0.9699519230769231 0.014423076923076924 0.052884615384615384
3 0.8449519230769231 0.9711538461538461 0.014423076923076924 0.055288461538461536
6 0.8209134615384616 0.9711538461538461 0.019230769230769232 0.055288461538461536
0 0.7992788461538461 0.9699519230769231 0.016826923076923076 0.055288461538461536
8 0.7776442307692307 0.96875 0.014423076923076924 0.052884615384615384
9 0.7548076923076923 0.96875 0.016826923076923076 0.052884615384615384
8 0.7331730769230769 0.9675480769230769 0.016826923076923076 0.052884615384615384
2 0.7127403846153846 0.9675480769230769 0.014423076923076924 0.06009615384615385
9 0.6911057692307693 0.9639423076923077 0.014423076923076924 0.06009615384615385
0 0.671875 0.7896634615384616 0.021634615384615384 0.055288461538461536
1 0.6526442307692307 0.7872596153846154 0.016826923076923076 0.06009615384615385
0 0.6370192307692307 0.7884615384615384 0.021634615384615384 0.055288461538461536
0 0.6189903846153846 0.7872596153846154 0.019230769230769232 0.0673076923076923
4 0.5997596153846154 0.7860576923076923 0.019230769230769232 0.07451923076923077
1 0.8641826923076923 0.36899038461538464 0.01201923076923077 0.0625
1 0.8473557692307693 0.36899038461538464 0.014423076923076924 0.06971153846153846
6 0.8293269230769231 0.3713942307692308 0.021634615384615384 0.07451923076923077
5 0.5372596153846154 0.3605769230769231 0.019230769230769232 0.06971153846153846
8 0.5180288461538461 0.3581730769230769 0.014423076923076924 0.0673076923076923
4 0.4206730769230769 0.35336538461538464 0.021634615384615384 0.0673076923076923
1 0.5120192307692307 0.20432692307692307 0.014423076923076924 0.0673076923076923
0 0.49399038461538464 0.20432692307692307 0.021634615384615384 0.0673076923076923
1 0.47716346153846156 0.20673076923076922 0.014423076923076924 0.06971153846153846
2 0.46033653846153844 0.203125 0.019230769230769232 0.0673076923076923
0 0.43990384615384615 0.20552884615384615 0.019230769230769232 0.0625
0 0.5240384615384616 0.0625 0.02403846153846154 0.0673076923076923
1 0.5060096153846154 0.06009615384615385 0.01201923076923077 0.055288461538461536
0 0.4879807692307692 0.06009615384615385 0.021634615384615384 0.055288461538461536
5 0.46875 0.05889423076923077 0.014423076923076924 0.0625
5 0.45072115384615385 0.05889423076923077 0.014423076923076924 0.0625
2 0.4326923076923077 0.057692307692307696 0.014423076923076924 0.0673076923076923
5 0.41466346153846156 0.057692307692307696 0.014423076923076924 0.06009615384615385
0 0.39783653846153844 0.052884615384615384 0.021634615384615384 0.052884615384615384
1 0.38100961538461536 0.06009615384615385 0.019230769230769232 0.07451923076923077
5 0.3629807692307692 0.056490384615384616 0.016826923076923076 0.052884615384615384
0 0.3449519230769231 0.056490384615384616 0.016826923076923076 0.06009615384615385
4 0.328125 0.051682692307692304 0.016826923076923076 0.06009615384615385
7 0.3076923076923077 0.055288461538461536 0.016826923076923076 0.0673076923076923