0 0.9591346153846154 0.9615384615384616 0.020432692307692308 0.055288461538461536
1 0.9375 0.9615384615384616 0.009615384615384616 0.046875
0 0.9158653846153846 0.9651442307692307 0.016826923076923076 0.046875
5 0.8942307692307693 0.9651442307692307 0.013221153846153846 0.055288461538461536
5 0.8713942307692307 0.9639423076923077 0.014423076923076924 0.051682692307692304
3 0.8533653846153846 0.9651442307692307 0.013221153846153846 0.055288461538461536
6 0.8293269230769231 0.9651442307692307 0.018028846153846152 0.055288461538461536
0 0.8076923076923077 0.9651442307692307 0.016826923076923076 0.055288461538461536
8 0.7860576923076923 0.9639423076923077 0.014423076923076924 0.051682692307692304
9 0.7632211538461539 0.9639423076923077 0.016826923076923076 0.051682692307692304
8 0.7415865384615384 0.9639423076923077 0.016826923076923076 0.051682692307692304
2 0.7211538461538461 0.9639423076923077 0.013221153846153846 0.05889423076923077
9 0.6995192307692307 0.9603365384615384 0.014423076923076924 0.05889423076923077
0 0.6766826923076923 0.7860576923076923 0.021634615384615384 0.055288461538461536
1 0.6574519230769231 0.7848557692307693 0.016826923076923076 0.05889423076923077
0 0.6418269230769231 0.7860576923076923 0.020432692307692308 0.055288461538461536
0 0.6237980769230769 0.7848557692307693 0.018028846153846152 0.06610576923076923
4 0.6045673076923077 0.7848557692307693 0.016826923076923076 0.0733173076923077
1 0.8617788461538461 0.3629807692307692 0.01201923076923077 0.0625
1 0.8449519230769231 0.3629807692307692 0.01201923076923077 0.06971153846153846
6 0.8269230769230769 0.36538461538461536 0.020432692307692308 0.0733173076923077
5 0.5348557692307693 0.359375 0.018028846153846152 0.06971153846153846
8 0.515625 0.3581730769230769 0.013221153846153846 0.06610576923076923
4 0.4182692307692308 0.3545673076923077 0.020432692307692308 0.06610576923076923
1 0.5072115384615384 0.20432692307692307 0.013221153846153846 0.06610576923076923
0 0.4891826923076923 0.20432692307692307 0.020432692307692308 0.06610576923076923
1 0.4723557692307692 0.20673076923076922 0.01201923076923077 0.06971153846153846
2 0.45552884615384615 0.20432692307692307 0.018028846153846152 0.06610576923076923
0 0.43509615384615385 0.20673076923076922 0.018028846153846152 0.0625
0 0.5168269230769231 0.0625 0.02283653846153846 0.06610576923076923
1 0.4987980769230769 0.06009615384615385 0.01201923076923077 0.055288461538461536
0 0.4807692307692308 0.06009615384615385 0.020432692307692308 0.055288461538461536
5 0.46153846153846156 0.06009615384615385 0.014423076923076924 0.0625
5 0.44350961538461536 0.06009615384615385 0.014423076923076924 0.0625
2 0.4254807692307692 0.05889423076923077 0.014423076923076924 0.06610576923076923
5 0.4074519230769231 0.05889423076923077 0.014423076923076924 0.05889423076923077
0 0.390625 0.055288461538461536 0.021634615384615384 0.051682692307692304
1 0.3737980769230769 0.0625 0.016826923076923076 0.0733173076923077
5 0.3557692307692308 0.05889423076923077 0.016826923076923076 0.051682692307692304
0 0.33774038461538464 0.05889423076923077 0.016826923076923076 0.05889423076923077
4 0.32091346153846156 0.055288461538461536 0.016826923076923076 0.05889423076923077
7 0.3004807692307692 0.05889423076923077 0.016826923076923076 0.06610576923076923