0 0.9927884615384616 0.13341346153846154 0.009615384615384616 0.06009615384615385
5 0.9819711538461539 0.12740384615384615 0.028846153846153848 0.057692307692307696
5 0.9603365384615384 0.12259615384615384 0.02403846153846154 0.04807692307692308
3 0.9399038461538461 0.11899038461538461 0.02403846153846154 0.06009615384615385
6 0.9206730769230769 0.11538461538461539 0.028846153846153848 0.06009615384615385
0 0.8990384615384616 0.11057692307692307 0.028846153846153848 0.055288461538461536
8 0.8762019230769231 0.10817307692307693 0.028846153846153848 0.057692307692307696
9 0.8533653846153846 0.10336538461538461 0.028846153846153848 0.057692307692307696
8 0.8317307692307693 0.09254807692307693 0.02403846153846154 0.052884615384615384
2 0.8100961538461539 0.09014423076923077 0.026442307692307692 0.057692307692307696
9 0.7908653846153846 0.08774038461538461 0.026442307692307692 0.06009615384615385
0 0.7379807692307693 0.2403846153846154 0.028846153846153848 0.0625
1 0.71875 0.23798076923076922 0.02403846153846154 0.0625
0 0.7019230769230769 0.23317307692307693 0.03125 0.055288461538461536
0 0.6826923076923077 0.22956730769230768 0.036057692307692304 0.06971153846153846
5 0.6646634615384616 0.2247596153846154 0.03125 0.07451923076923077
6 0.8293269230769231 0.703125 0.036057692307692304 0.06490384615384616
7 0.8137019230769231 0.6959134615384616 0.03365384615384615 0.07211538461538461
1 0.7055288461538461 0.6742788461538461 0.026442307692307692 0.0673076923076923
1 0.6875 0.6706730769230769 0.028846153846153848 0.06009615384615385
1 0.2668269230769231 0.7211538461538461 0.026442307692307692 0.06490384615384616
0 0.2512019230769231 0.7175480769230769 0.03365384615384615 0.06490384615384616
5 0.234375 0.7139423076923077 0.026442307692307692 0.07211538461538461
4 0.21634615384615385 0.7139423076923077 0.03125 0.06490384615384616
0 0.1971153846153846 0.7079326923076923 0.036057692307692304 0.07692307692307693
0 0.4375 0.9146634615384616 0.03365384615384615 0.06490384615384616
1 0.421875 0.9122596153846154 0.026442307692307692 0.0673076923076923
0 0.40384615384615385 0.9074519230769231 0.03365384615384615 0.07211538461538461
5 0.3858173076923077 0.9038461538461539 0.026442307692307692 0.07211538461538461
5 0.36778846153846156 0.9026442307692307 0.03125 0.07211538461538461
2 0.3485576923076923 0.8990384615384616 0.03125 0.07211538461538461
4 0.3329326923076923 0.8966346153846154 0.03125 0.0673076923076923
0 0.31490384615384615 0.8894230769230769 0.03125 0.0673076923076923
2 0.296875 0.8882211538461539 0.026442307692307692 0.06490384615384616
4 0.2824519230769231 0.8822115384615384 0.03125 0.07451923076923077
6 0.265625 0.8786057692307693 0.03125 0.0673076923076923
4 0.24639423076923078 0.875 0.028846153846153848 0.0673076923076923
6 0.22716346153846154 0.8737980769230769 0.03125 0.07211538461538461