0 0.036057692307692304 0.9651442307692307 0.016826923076923076 0.055288461538461536
1 0.056490384615384616 0.9639423076923077 0.01201923076923077 0.051682692307692304
0 0.0829326923076923 0.9651442307692307 0.020432692307692308 0.055288461538461536
5 0.10576923076923077 0.9651442307692307 0.016826923076923076 0.055288461538461536
5 0.12860576923076922 0.9651442307692307 0.014423076923076924 0.046875
3 0.14903846153846154 0.9639423076923077 0.013221153846153846 0.05889423076923077
6 0.16826923076923078 0.9639423076923077 0.016826923076923076 0.05889423076923077
0 0.19110576923076922 0.9639423076923077 0.018028846153846152 0.051682692307692304
8 0.21394230769230768 0.9615384615384616 0.018028846153846152 0.055288461538461536
9 0.23677884615384615 0.9615384615384616 0.016826923076923076 0.055288461538461536
8 0.2608173076923077 0.9675480769230769 0.014423076923076924 0.051682692307692304
2 0.28125 0.9651442307692307 0.014423076923076924 0.055288461538461536
9 0.3016826923076923 0.9639423076923077 0.014423076923076924 0.05889423076923077
0 0.32091346153846156 0.8028846153846154 0.018028846153846152 0.05889423076923077
1 0.3401442307692308 0.8016826923076923 0.01201923076923077 0.0625
0 0.3581730769230769 0.8028846153846154 0.020432692307692308 0.051682692307692304
0 0.37740384615384615 0.8028846153846154 0.02283653846153846 0.06610576923076923
5 0.39663461538461536 0.8028846153846154 0.016826923076923076 0.0733173076923077
6 0.13581730769230768 0.3701923076923077 0.02283653846153846 0.0625
7 0.15264423076923078 0.3737980769230769 0.020432692307692308 0.06971153846153846
1 0.26322115384615385 0.37259615384615385 0.013221153846153846 0.06610576923076923
1 0.28125 0.37259615384615385 0.016826923076923076 0.05889423076923077
1 0.6826923076923077 0.23557692307692307 0.013221153846153846 0.0625
0 0.6983173076923077 0.23557692307692307 0.021634615384615384 0.0625
5 0.7151442307692307 0.23557692307692307 0.013221153846153846 0.06971153846153846
4 0.7331730769230769 0.23197115384615385 0.018028846153846152 0.0625
0 0.7524038461538461 0.23317307692307693 0.020432692307692308 0.0733173076923077
0 0.47475961538461536 0.08173076923076923 0.021634615384615384 0.0625
1 0.49038461538461536 0.08052884615384616 0.013221153846153846 0.06610576923076923
0 0.5096153846153846 0.08173076923076923 0.020432692307692308 0.06971153846153846
5 0.5276442307692307 0.08173076923076923 0.013221153846153846 0.06971153846153846
5 0.5456730769230769 0.078125 0.016826923076923076 0.06971153846153846
2 0.5649038461538461 0.078125 0.018028846153846152 0.06971153846153846
4 0.5805288461538461 0.07692307692307693 0.016826923076923076 0.06610576923076923
0 0.5997596153846154 0.08052884615384616 0.018028846153846152 0.06610576923076923
2 0.6177884615384616 0.078125 0.014423076923076924 0.0625
4 0.6334134615384616 0.08052884615384616 0.016826923076923076 0.0733173076923077
6 0.6502403846153846 0.08052884615384616 0.018028846153846152 0.06610576923076923
4 0.6706730769230769 0.08052884615384616 0.014423076923076924 0.06610576923076923
6 0.6887019230769231 0.078125 0.018028846153846152 0.06971153846153846