0 0.9639423076923077 0.03485576923076923 0.016826923076923076 0.055288461538461536
1 0.9435096153846154 0.036057692307692304 0.01201923076923077 0.051682692307692304
0 0.9170673076923077 0.03485576923076923 0.020432692307692308 0.055288461538461536
5 0.8942307692307693 0.03485576923076923 0.016826923076923076 0.055288461538461536
5 0.8713942307692307 0.03485576923076923 0.014423076923076924 0.046875
3 0.8509615384615384 0.036057692307692304 0.013221153846153846 0.05889423076923077
6 0.8317307692307693 0.036057692307692304 0.016826923076923076 0.05889423076923077
0 0.8088942307692307 0.036057692307692304 0.018028846153846152 0.051682692307692304
8 0.7860576923076923 0.038461538461538464 0.018028846153846152 0.055288461538461536
9 0.7632211538461539 0.038461538461538464 0.016826923076923076 0.055288461538461536
8 0.7391826923076923 0.03245192307692308 0.014423076923076924 0.051682692307692304
2 0.71875 0.03485576923076923 0.014423076923076924 0.055288461538461536
9 0.6983173076923077 0.036057692307692304 0.014423076923076924 0.05889423076923077
0 0.6790865384615384 0.1971153846153846 0.018028846153846152 0.05889423076923077
1 0.6598557692307693 0.19831730769230768 0.01201923076923077 0.0625
0 0.6418269230769231 0.1971153846153846 0.020432692307692308 0.051682692307692304
0 0.6225961538461539 0.1971153846153846 0.02283653846153846 0.06610576923076923
5 0.6033653846153846 0.1971153846153846 0.016826923076923076 0.0733173076923077
6 0.8641826923076923 0.6298076923076923 0.02283653846153846 0.0625
7 0.8473557692307693 0.6262019230769231 0.020432692307692308 0.06971153846153846
1 0.7367788461538461 0.6274038461538461 0.013221153846153846 0.06610576923076923
1 0.71875 0.6274038461538461 0.016826923076923076 0.05889423076923077
1 0.3173076923076923 0.7644230769230769 0.013221153846153846 0.0625
0 0.3016826923076923 0.7644230769230769 0.021634615384615384 0.0625
5 0.2848557692307692 0.7644230769230769 0.013221153846153846 0.06971153846153846
4 0.2668269230769231 0.7680288461538461 0.018028846153846152 0.0625
0 0.24759615384615385 0.7668269230769231 0.020432692307692308 0.0733173076923077
0 0.5252403846153846 0.9182692307692307 0.021634615384615384 0.0625
1 0.5096153846153846 0.9194711538461539 0.013221153846153846 0.06610576923076923
0 0.49038461538461536 0.9182692307692307 0.020432692307692308 0.06971153846153846
5 0.4723557692307692 0.9182692307692307 0.013221153846153846 0.06971153846153846
5 0.4543269230769231 0.921875 0.016826923076923076 0.06971153846153846
2 0.43509615384615385 0.921875 0.018028846153846152 0.06971153846153846
4 0.41947115384615385 0.9230769230769231 0.016826923076923076 0.06610576923076923
0 0.40024038461538464 0.9194711538461539 0.018028846153846152 0.06610576923076923
2 0.38221153846153844 0.921875 0.014423076923076924 0.0625
4 0.36658653846153844 0.9194711538461539 0.016826923076923076 0.0733173076923077
6 0.34975961538461536 0.9194711538461539 0.018028846153846152 0.06610576923076923
4 0.3293269230769231 0.9194711538461539 0.014423076923076924 0.06610576923076923
6 0.3112980769230769 0.921875 0.018028846153846152 0.06971153846153846