0 0.9795673076923077 0.9483173076923077 0.019230769230769232 0.055288461538461536
1 0.9591346153846154 0.9483173076923077 0.014423076923076924 0.052884615384615384
0 0.9326923076923077 0.9507211538461539 0.021634615384615384 0.055288461538461536
5 0.9098557692307693 0.9507211538461539 0.019230769230769232 0.055288461538461536
5 0.8870192307692307 0.9519230769230769 0.016826923076923076 0.04807692307692308
3 0.8665865384615384 0.9519230769230769 0.014423076923076924 0.06009615384615385
6 0.8473557692307693 0.9519230769230769 0.019230769230769232 0.06009615384615385
0 0.8245192307692307 0.953125 0.019230769230769232 0.052884615384615384
8 0.8016826923076923 0.9507211538461539 0.019230769230769232 0.055288461538461536
9 0.7788461538461539 0.9519230769230769 0.019230769230769232 0.055288461538461536
8 0.7548076923076923 0.9591346153846154 0.016826923076923076 0.052884615384615384
2 0.734375 0.9567307692307693 0.016826923076923076 0.055288461538461536
9 0.7139423076923077 0.9567307692307693 0.016826923076923076 0.06009615384615385
0 0.6899038461538461 0.796875 0.019230769230769232 0.06009615384615385
1 0.6706730769230769 0.7956730769230769 0.014423076923076924 0.0625
0 0.6526442307692307 0.7980769230769231 0.021634615384615384 0.052884615384615384
0 0.6334134615384616 0.7980769230769231 0.02403846153846154 0.0673076923076923
5 0.6141826923076923 0.7992788461538461 0.019230769230769232 0.07451923076923077
6 0.859375 0.35697115384615385 0.02403846153846154 0.0625
7 0.8425480769230769 0.36177884615384615 0.02403846153846154 0.06971153846153846
1 0.7319711538461539 0.3641826923076923 0.014423076923076924 0.0673076923076923
1 0.7139423076923077 0.36538461538461536 0.019230769230769232 0.06009615384615385
1 0.3076923076923077 0.24158653846153846 0.014423076923076924 0.0625
0 0.2920673076923077 0.24278846153846154 0.02403846153846154 0.0625
5 0.27524038461538464 0.24278846153846154 0.016826923076923076 0.06971153846153846
4 0.25721153846153844 0.2403846153846154 0.019230769230769232 0.0625
0 0.23798076923076922 0.24158653846153846 0.02403846153846154 0.07451923076923077
0 0.5108173076923077 0.08052884615384616 0.02403846153846154 0.0625
1 0.4951923076923077 0.08052884615384616 0.014423076923076924 0.0673076923076923
0 0.47596153846153844 0.08173076923076923 0.02403846153846154 0.06971153846153846
5 0.4579326923076923 0.0829326923076923 0.016826923076923076 0.06971153846153846
5 0.43990384615384615 0.08052884615384616 0.019230769230769232 0.06971153846153846
2 0.4206730769230769 0.08052884615384616 0.021634615384615384 0.06971153846153846
4 0.4050480769230769 0.08052884615384616 0.019230769230769232 0.0673076923076923
0 0.3858173076923077 0.08413461538461539 0.019230769230769232 0.0673076923076923
2 0.36778846153846156 0.0829326923076923 0.016826923076923076 0.0625
4 0.35216346153846156 0.08533653846153846 0.019230769230769232 0.07451923076923077
6 0.33533653846153844 0.08653846153846154 0.019230769230769232 0.0673076923076923
4 0.31490384615384615 0.08653846153846154 0.016826923076923076 0.0673076923076923
6 0.296875 0.08533653846153846 0.021634615384615384 0.06971153846153846