0 0.2764423076923077 0.1310096153846154 0.021634615384615384 0.08413461538461539
1 0.2956730769230769 0.13701923076923078 0.018028846153846152 0.1045673076923077
2 0.31490384615384615 0.13701923076923078 0.015625 0.1045673076923077
3 0.33533653846153844 0.1346153846153846 0.021634615384615384 0.11658653846153846
3 0.35697115384615385 0.140625 0.018028846153846152 0.12860576923076922
2 0.3737980769230769 0.1310096153846154 0.014423076923076924 0.10096153846153846
4 0.3918269230769231 0.13822115384615385 0.018028846153846152 0.10817307692307693
5 0.25 0.3269230769230769 0.021634615384615384 0.10096153846153846
3 0.27403846153846156 0.3233173076923077 0.019230769230769232 0.10817307692307693
2 0.3016826923076923 0.3233173076923077 0.015625 0.10817307692307693
3 0.32091346153846156 0.33533653846153844 0.021634615384615384 0.140625
1 0.35216346153846156 0.3269230769230769 0.015625 0.10096153846153846
4 0.3701923076923077 0.32572115384615385 0.015625 0.1045673076923077
0 0.38822115384615385 0.3269230769230769 0.015625 0.11658653846153846
1 0.4110576923076923 0.32091346153846156 0.019230769230769232 0.1201923076923077
5 0.25 0.5805288461538461 0.021634615384615384 0.10096153846153846
3 0.27283653846153844 0.5805288461538461 0.021634615384615384 0.11658653846153846
3 0.6778846153846154 0.5949519230769231 0.025240384615384616 0.09615384615384616
6 0.7007211538461539 0.5889423076923077 0.021634615384615384 0.10096153846153846
2 0.7295673076923077 0.5961538461538461 0.019230769230769232 0.10817307692307693
2 0.75 0.5889423076923077 0.015625 0.09254807692307693
1 0.7800480769230769 0.5865384615384616 0.02283653846153846 0.13701923076923078
4 0.7980769230769231 0.5841346153846154 0.018028846153846152 0.10817307692307693
0 0.8185096153846154 0.5901442307692307 0.018028846153846152 0.09615384615384616
1 0.8401442307692307 0.5961538461538461 0.021634615384615384 0.11658653846153846
5 0.24759615384615385 0.7403846153846154 0.021634615384615384 0.10817307692307693
1 0.27283653846153844 0.7367788461538461 0.018028846153846152 0.10096153846153846
3 0.28966346153846156 0.7367788461538461 0.019230769230769232 0.10817307692307693
3 0.31009615384615385 0.7451923076923077 0.014423076923076924 0.10817307692307693
3 0.328125 0.7367788461538461 0.018028846153846152 0.09254807692307693
4 0.3485576923076923 0.7283653846153846 0.015625 0.10096153846153846
9 0.36899038461538464 0.7367788461538461 0.018028846153846152 0.10096153846153846
9 0.3858173076923077 0.7307692307692307 0.015625 0.09615384615384616
1 0.4050480769230769 0.7283653846153846 0.015625 0.10096153846153846
6 0.4254807692307692 0.7367788461538461 0.02283653846153846 0.10096153846153846