0 0.9134615384615384 0.009615384615384616 0.02403846153846154 0.019230769230769232
1 0.8942307692307693 0.010817307692307692 0.019230769230769232 0.021634615384615384
0 0.8677884615384616 0.01201923076923077 0.028846153846153848 0.02403846153846154
5 0.84375 0.013221153846153846 0.02403846153846154 0.026442307692307692
5 0.8209134615384616 0.01201923076923077 0.021634615384615384 0.02403846153846154
3 0.8016826923076923 0.016826923076923076 0.021634615384615384 0.03365384615384615
6 0.7824519230769231 0.018028846153846152 0.026442307692307692 0.036057692307692304
0 0.7584134615384616 0.016826923076923076 0.026442307692307692 0.03365384615384615
8 0.7367788461538461 0.020432692307692308 0.026442307692307692 0.040865384615384616
9 0.7139423076923077 0.021634615384615384 0.02403846153846154 0.04326923076923077
8 0.6887019230769231 0.019230769230769232 0.021634615384615384 0.038461538461538464
2 0.6694711538461539 0.02283653846153846 0.021634615384615384 0.04567307692307692
9 0.6490384615384616 0.025240384615384616 0.02403846153846154 0.05048076923076923
0 0.6466346153846154 0.18028846153846154 0.02403846153846154 0.06009615384615385
1 0.6274038461538461 0.18269230769230768 0.019230769230769232 0.0625
0 0.609375 0.18389423076923078 0.026442307692307692 0.052884615384615384
0 0.5901442307692307 0.18629807692307693 0.028846153846153848 0.0673076923076923
5 0.5709134615384616 0.1875 0.02403846153846154 0.07451923076923077
6 0.8762019230769231 0.5913461538461539 0.028846153846153848 0.06490384615384616
7 0.8581730769230769 0.5889423076923077 0.026442307692307692 0.07211538461538461
1 0.7487980769230769 0.6021634615384616 0.019230769230769232 0.0673076923076923
1 0.7307692307692307 0.6033653846153846 0.02403846153846154 0.06009615384615385
1 0.34615384615384615 0.7824519230769231 0.019230769230769232 0.0625
0 0.33052884615384615 0.7836538461538461 0.028846153846153848 0.06490384615384616
5 0.3137019230769231 0.7860576923076923 0.021634615384615384 0.06971153846153846
4 0.2956730769230769 0.7908653846153846 0.02403846153846154 0.06490384615384616
0 0.2764423076923077 0.7920673076923077 0.028846153846153848 0.07451923076923077
0 0.5685096153846154 0.9134615384615384 0.028846153846153848 0.06490384615384616
1 0.5528846153846154 0.9158653846153846 0.019230769230769232 0.0673076923076923
0 0.5336538461538461 0.9170673076923077 0.026442307692307692 0.07211538461538461
5 0.5168269230769231 0.9182692307692307 0.021634615384615384 0.06971153846153846
5 0.4987980769230769 0.9242788461538461 0.02403846153846154 0.07211538461538461
2 0.4795673076923077 0.9266826923076923 0.02403846153846154 0.07211538461538461
4 0.4639423076923077 0.9290865384615384 0.02403846153846154 0.0673076923076923
0 0.44471153846153844 0.9278846153846154 0.02403846153846154 0.0673076923076923
2 0.4266826923076923 0.9314903846153846 0.021634615384615384 0.0625
4 0.4110576923076923 0.9314903846153846 0.02403846153846154 0.07451923076923077
6 0.3942307692307692 0.9326923076923077 0.02403846153846154 0.0673076923076923
4 0.3737980769230769 0.9350961538461539 0.021634615384615384 0.0673076923076923
6 0.35697115384615385 0.9387019230769231 0.02403846153846154 0.07211538461538461