0 0.01201923076923077 0.9399038461538461 0.019230769230769232 0.055288461538461536
1 0.03245192307692308 0.9399038461538461 0.014423076923076924 0.052884615384615384
0 0.05889423076923077 0.9423076923076923 0.02403846153846154 0.055288461538461536
5 0.08173076923076923 0.9435096153846154 0.019230769230769232 0.055288461538461536
5 0.1045673076923077 0.9447115384615384 0.016826923076923076 0.04807692307692308
3 0.125 0.9447115384615384 0.016826923076923076 0.06009615384615385
6 0.14423076923076922 0.9459134615384616 0.019230769230769232 0.06009615384615385
0 0.16706730769230768 0.9471153846153846 0.021634615384615384 0.052884615384615384
8 0.18990384615384615 0.9459134615384616 0.021634615384615384 0.055288461538461536
9 0.2127403846153846 0.9471153846153846 0.019230769230769232 0.055288461538461536
8 0.23677884615384615 0.9543269230769231 0.016826923076923076 0.052884615384615384
2 0.25721153846153844 0.953125 0.016826923076923076 0.055288461538461536
9 0.2776442307692308 0.953125 0.016826923076923076 0.06009615384615385
0 0.30528846153846156 0.7932692307692307 0.021634615384615384 0.06009615384615385
1 0.3245192307692308 0.7932692307692307 0.014423076923076924 0.0625
0 0.3425480769230769 0.7944711538461539 0.02403846153846154 0.052884615384615384
0 0.36177884615384615 0.7956730769230769 0.026442307692307692 0.0673076923076923
5 0.38100961538461536 0.796875 0.021634615384615384 0.07451923076923077
6 0.14302884615384615 0.35096153846153844 0.026442307692307692 0.0625
7 0.15985576923076922 0.3557692307692308 0.02403846153846154 0.06971153846153846
1 0.2704326923076923 0.3605769230769231 0.016826923076923076 0.0673076923076923
1 0.28846153846153844 0.36177884615384615 0.019230769230769232 0.06009615384615385
1 0.6959134615384616 0.24519230769230768 0.016826923076923076 0.0625
0 0.7115384615384616 0.24639423076923078 0.02403846153846154 0.0625
5 0.7283653846153846 0.24759615384615385 0.016826923076923076 0.06971153846153846
4 0.7463942307692307 0.2439903846153846 0.021634615384615384 0.0625
0 0.765625 0.24639423076923078 0.02403846153846154 0.07451923076923077
0 0.4963942307692308 0.08052884615384616 0.02403846153846154 0.0625
1 0.5120192307692307 0.08052884615384616 0.016826923076923076 0.0673076923076923
0 0.53125 0.0829326923076923 0.02403846153846154 0.06971153846153846
5 0.5492788461538461 0.08413461538461539 0.016826923076923076 0.06971153846153846
5 0.5673076923076923 0.08052884615384616 0.021634615384615384 0.06971153846153846
2 0.5865384615384616 0.08173076923076923 0.021634615384615384 0.06971153846153846
4 0.6021634615384616 0.08173076923076923 0.019230769230769232 0.0673076923076923
0 0.6213942307692307 0.08653846153846154 0.021634615384615384 0.0673076923076923
2 0.6394230769230769 0.08533653846153846 0.016826923076923076 0.0625
4 0.6550480769230769 0.08774038461538461 0.021634615384615384 0.07451923076923077
6 0.671875 0.0889423076923077 0.021634615384615384 0.0673076923076923
4 0.6923076923076923 0.09014423076923077 0.016826923076923076 0.0673076923076923
6 0.7103365384615384 0.0889423076923077 0.021634615384615384 0.06971153846153846