0 0.15264423076923078 0.006009615384615385 0.03125 0.01201923076923077
5 0.17427884615384615 0.007211538461538462 0.026442307692307692 0.014423076923076924
5 0.1971153846153846 0.007211538461538462 0.02403846153846154 0.014423076923076924
3 0.21875 0.01201923076923077 0.02403846153846154 0.02403846153846154
6 0.23677884615384615 0.013221153846153846 0.026442307692307692 0.026442307692307692
0 0.25841346153846156 0.013221153846153846 0.026442307692307692 0.026442307692307692
8 0.28125 0.016826923076923076 0.028846153846153848 0.03365384615384615
9 0.30408653846153844 0.018028846153846152 0.026442307692307692 0.036057692307692304
8 0.3293269230769231 0.015625 0.02403846153846154 0.03125
2 0.3485576923076923 0.019230769230769232 0.02403846153846154 0.038461538461538464
9 0.36778846153846156 0.02283653846153846 0.02403846153846154 0.04567307692307692
0 0.36538461538461536 0.17548076923076922 0.026442307692307692 0.06009615384615385
1 0.38341346153846156 0.17908653846153846 0.021634615384615384 0.0625
0 0.4014423076923077 0.18028846153846154 0.026442307692307692 0.052884615384615384
0 0.4206730769230769 0.18269230769230768 0.03125 0.06971153846153846
5 0.43990384615384615 0.18509615384615385 0.026442307692307692 0.07451923076923077
6 0.12139423076923077 0.578125 0.03125 0.06490384615384616
7 0.13822115384615385 0.5769230769230769 0.028846153846153848 0.07211538461538461
1 0.24759615384615385 0.59375 0.021634615384615384 0.0673076923076923
1 0.265625 0.5961538461538461 0.02403846153846154 0.06009615384615385
1 0.6442307692307693 0.7872596153846154 0.021634615384615384 0.06490384615384616
0 0.6598557692307693 0.7896634615384616 0.03125 0.06490384615384616
5 0.6766826923076923 0.7920673076923077 0.021634615384615384 0.06971153846153846
4 0.6935096153846154 0.7980769230769231 0.026442307692307692 0.06490384615384616
0 0.7127403846153846 0.7992788461538461 0.03125 0.07451923076923077
0 0.4170673076923077 0.9110576923076923 0.03125 0.06490384615384616
1 0.4326923076923077 0.9134615384615384 0.021634615384615384 0.0673076923076923
0 0.45072115384615385 0.9158653846153846 0.028846153846153848 0.07211538461538461
5 0.46875 0.9182692307692307 0.021634615384615384 0.06971153846153846
5 0.48677884615384615 0.9242788461538461 0.026442307692307692 0.07211538461538461
2 0.5060096153846154 0.9266826923076923 0.026442307692307692 0.07211538461538461
4 0.5204326923076923 0.9302884615384616 0.026442307692307692 0.0673076923076923
0 0.5408653846153846 0.9290865384615384 0.026442307692307692 0.0673076923076923
2 0.5576923076923077 0.9338942307692307 0.02403846153846154 0.06490384615384616
4 0.5733173076923077 0.9338942307692307 0.026442307692307692 0.07451923076923077
6 0.5901442307692307 0.9362980769230769 0.026442307692307692 0.0673076923076923
4 0.6105769230769231 0.9387019230769231 0.02403846153846154 0.0673076923076923
6 0.6286057692307693 0.9435096153846154 0.026442307692307692 0.07211538461538461