0 0.054086538461538464 0.9747596153846154 0.021634615384615384 0.04567307692307692
1 0.0733173076923077 0.9747596153846154 0.016826923076923076 0.04567307692307692
0 0.10096153846153846 0.9747596153846154 0.02403846153846154 0.04567307692307692
5 0.12379807692307693 0.9735576923076923 0.021634615384615384 0.04807692307692308
5 0.1466346153846154 0.9759615384615384 0.019230769230769232 0.04326923076923077
3 0.16706730769230768 0.9711538461538461 0.016826923076923076 0.052884615384615384
6 0.18629807692307693 0.9711538461538461 0.021634615384615384 0.052884615384615384
0 0.20793269230769232 0.9723557692307693 0.021634615384615384 0.05048076923076923
8 0.23076923076923078 0.9711538461538461 0.019230769230769232 0.055288461538461536
9 0.2536057692307692 0.9699519230769231 0.019230769230769232 0.055288461538461536
8 0.27884615384615385 0.9735576923076923 0.019230769230769232 0.04807692307692308
2 0.2980769230769231 0.9711538461538461 0.019230769230769232 0.052884615384615384
9 0.31971153846153844 0.96875 0.019230769230769232 0.057692307692307696
0 0.3317307692307692 0.8088942307692307 0.019230769230769232 0.06009615384615385
1 0.35096153846153844 0.8064903846153846 0.014423076923076924 0.0625
0 0.36899038461538464 0.8076923076923077 0.021634615384615384 0.052884615384615384
0 0.38822115384615385 0.8064903846153846 0.02403846153846154 0.0673076923076923
5 0.4074519230769231 0.8064903846153846 0.019230769230769232 0.07451923076923077
6 0.1310096153846154 0.38341346153846156 0.02403846153846154 0.0625
7 0.14903846153846154 0.3858173076923077 0.02403846153846154 0.06971153846153846
1 0.25841346153846156 0.38100961538461536 0.014423076923076924 0.0673076923076923
1 0.2764423076923077 0.3798076923076923 0.019230769230769232 0.06009615384615385
1 0.6730769230769231 0.22956730769230768 0.014423076923076924 0.0625
0 0.6887019230769231 0.2283653846153846 0.02403846153846154 0.0625
5 0.7055288461538461 0.2283653846153846 0.016826923076923076 0.06971153846153846
4 0.7235576923076923 0.22355769230769232 0.019230769230769232 0.0625
0 0.7427884615384616 0.2247596153846154 0.02403846153846154 0.07451923076923077
0 0.46033653846153844 0.0829326923076923 0.02403846153846154 0.0625
1 0.47596153846153844 0.08052884615384616 0.014423076923076924 0.0673076923076923
0 0.4951923076923077 0.08173076923076923 0.02403846153846154 0.06971153846153846
5 0.5132211538461539 0.08052884615384616 0.016826923076923076 0.06971153846153846
5 0.53125 0.07692307692307693 0.019230769230769232 0.06971153846153846
2 0.5504807692307693 0.07572115384615384 0.021634615384615384 0.06971153846153846
4 0.5661057692307693 0.07451923076923077 0.019230769230769232 0.0673076923076923
0 0.5853365384615384 0.07692307692307693 0.019230769230769232 0.0673076923076923
2 0.6033653846153846 0.07451923076923077 0.016826923076923076 0.0625
4 0.6189903846153846 0.07572115384615384 0.019230769230769232 0.07451923076923077
6 0.6358173076923077 0.07572115384615384 0.019230769230769232 0.0673076923076923
4 0.65625 0.07451923076923077 0.016826923076923076 0.0673076923076923
6 0.6742788461538461 0.07211538461538461 0.021634615384615384 0.06971153846153846