0 0.6766826923076923 0.8449519230769231 0.019230769230769232 0.10096153846153846
1 0.65625 0.8533653846153846 0.018028846153846152 0.09254807692307693
2 0.6370192307692307 0.8497596153846154 0.015625 0.09254807692307693
3 0.6165865384615384 0.8473557692307693 0.018028846153846152 0.09615384615384616
3 0.5973557692307693 0.8497596153846154 0.021634615384615384 0.09254807692307693
2 0.5793269230769231 0.8473557692307693 0.014423076923076924 0.1045673076923077
0 0.5552884615384616 0.8497596153846154 0.030048076923076924 0.10096153846153846
2 0.7043269230769231 0.6550480769230769 0.025240384615384616 0.1045673076923077
2 0.6790865384615384 0.6526442307692307 0.014423076923076924 0.11658653846153846
2 0.6514423076923077 0.6502403846153846 0.015625 0.1045673076923077
3 0.6310096153846154 0.6490384615384616 0.018028846153846152 0.10817307692307693
1 0.5985576923076923 0.6550480769230769 0.018028846153846152 0.1045673076923077
4 0.5817307692307693 0.6526442307692307 0.015625 0.10817307692307693
0 0.5637019230769231 0.6430288461538461 0.021634615384615384 0.13701923076923078
1 0.5420673076923077 0.6490384615384616 0.021634615384615384 0.10096153846153846
5 0.7007211538461539 0.3954326923076923 0.014423076923076924 0.10096153846153846
3 0.6814903846153846 0.3870192307692308 0.025240384615384616 0.11658653846153846
2 0.29086538461538464 0.35336538461538464 0.021634615384615384 0.13701923076923078
3 0.2644230769230769 0.35336538461538464 0.02283653846153846 0.13701923076923078
2 0.23798076923076922 0.3629807692307692 0.01201923076923077 0.11658653846153846
2 0.21754807692307693 0.35096153846153844 0.018028846153846152 0.13221153846153846
1 0.18990384615384615 0.35096153846153844 0.019230769230769232 0.140625
4 0.17067307692307693 0.34975961538461536 0.015625 0.13701923076923078
0 0.15144230769230768 0.34975961538461536 0.021634615384615384 0.1201923076923077
1 0.12980769230769232 0.35336538461538464 0.018028846153846152 0.09615384615384616
2 0.6526442307692307 0.23918269230769232 0.014423076923076924 0.11658653846153846
6 0.6298076923076923 0.2403846153846154 0.019230769230769232 0.1201923076923077
2 0.6117788461538461 0.2403846153846154 0.014423076923076924 0.13701923076923078
3 0.5913461538461539 0.23317307692307693 0.018028846153846152 0.1045673076923077
3 0.5733173076923077 0.2247596153846154 0.019230769230769232 0.1045673076923077
3 0.5528846153846154 0.234375 0.018028846153846152 0.08413461538461539
5 0.5348557692307693 0.22235576923076922 0.018028846153846152 0.11658653846153846
1 0.5132211538461539 0.2247596153846154 0.021634615384615384 0.1201923076923077