0 0.009615384615384616 0.0733173076923077 0.019230769230769232 0.055288461538461536
1 0.030048076923076924 0.07451923076923077 0.014423076923076924 0.06009615384615385
0 0.051682692307692304 0.07211538461538461 0.016826923076923076 0.04807692307692308
5 0.07451923076923077 0.06850961538461539 0.019230769230769232 0.052884615384615384
5 0.09375 0.06370192307692307 0.019230769230769232 0.06009615384615385
3 0.11538461538461539 0.06370192307692307 0.016826923076923076 0.04807692307692308
6 0.13701923076923078 0.0625 0.019230769230769232 0.04807692307692308
0 0.16105769230769232 0.06129807692307692 0.019230769230769232 0.040865384615384616
8 0.18269230769230768 0.06129807692307692 0.016826923076923076 0.052884615384615384
9 0.203125 0.05889423076923077 0.016826923076923076 0.04326923076923077
8 0.22596153846153846 0.056490384615384616 0.019230769230769232 0.055288461538461536
2 0.24639423076923078 0.05889423076923077 0.021634615384615384 0.055288461538461536
9 0.2692307692307692 0.055288461538461536 0.016826923076923076 0.052884615384615384
0 0.30408653846153844 0.23076923076923078 0.021634615384615384 0.0625
1 0.32211538461538464 0.23076923076923078 0.016826923076923076 0.0673076923076923
0 0.33774038461538464 0.22596153846153846 0.021634615384615384 0.0673076923076923
2 0.3557692307692308 0.23197115384615385 0.021634615384615384 0.06009615384615385
0 0.3762019230769231 0.22596153846153846 0.021634615384615384 0.06971153846153846
2 0.14543269230769232 0.6526442307692307 0.021634615384615384 0.0673076923076923
2 0.16346153846153846 0.6550480769230769 0.021634615384615384 0.0673076923076923
4 0.18269230769230768 0.6538461538461539 0.021634615384615384 0.0673076923076923
3 0.30408653846153844 0.6454326923076923 0.021634615384615384 0.07451923076923077
3 0.8305288461538461 0.7560096153846154 0.019230769230769232 0.0625
0 0.8473557692307693 0.7536057692307693 0.021634615384615384 0.0673076923076923
0 0.8629807692307693 0.7524038461538461 0.019230769230769232 0.0673076923076923
0 0.8822115384615384 0.7512019230769231 0.021634615384615384 0.0673076923076923
0 0.9026442307692307 0.7463942307692307 0.021634615384615384 0.07451923076923077
0 0.5120192307692307 0.9158653846153846 0.02403846153846154 0.0673076923076923
3 0.5288461538461539 0.9170673076923077 0.019230769230769232 0.06971153846153846
0 0.5480769230769231 0.9134615384615384 0.021634615384615384 0.0673076923076923
5 0.5661057692307693 0.9146634615384616 0.021634615384615384 0.06971153846153846
5 0.5829326923076923 0.9134615384615384 0.019230769230769232 0.06971153846153846
3 0.5997596153846154 0.9134615384615384 0.021634615384615384 0.0673076923076923
3 0.6189903846153846 0.9110576923076923 0.021634615384615384 0.07692307692307693
0 0.6370192307692307 0.9098557692307693 0.021634615384615384 0.0625
0 0.6538461538461539 0.9026442307692307 0.021634615384615384 0.07451923076923077
0 0.6730769230769231 0.9110576923076923 0.021634615384615384 0.07692307692307693
2 0.6911057692307693 0.9074519230769231 0.021634615384615384 0.0673076923076923
4 0.7079326923076923 0.9086538461538461 0.021634615384615384 0.0625
8 0.7271634615384616 0.9050480769230769 0.03125 0.07451923076923077