6 0.7379807692307693 0.004807692307692308 0.028846153846153848 0.009615384615384616
0 0.7151442307692307 0.006009615384615385 0.026442307692307692 0.01201923076923077
8 0.6935096153846154 0.010817307692307692 0.026442307692307692 0.021634615384615384
9 0.6730769230769231 0.010817307692307692 0.02403846153846154 0.021634615384615384
8 0.6502403846153846 0.015625 0.026442307692307692 0.03125
2 0.6322115384615384 0.019230769230769232 0.028846153846153848 0.038461538461538464
9 0.609375 0.019230769230769232 0.026442307692307692 0.038461538461538464
0 0.6189903846153846 0.18870192307692307 0.028846153846153848 0.06490384615384616
1 0.6021634615384616 0.1935096153846154 0.02403846153846154 0.0673076923076923
0 0.5865384615384616 0.1935096153846154 0.028846153846153848 0.0673076923076923
2 0.5697115384615384 0.203125 0.028846153846153848 0.06009615384615385
0 0.5492788461538461 0.203125 0.028846153846153848 0.07211538461538461
2 0.8822115384615384 0.5552884615384616 0.028846153846153848 0.0673076923076923
2 0.8653846153846154 0.5625 0.028846153846153848 0.0673076923076923
4 0.8461538461538461 0.5661057692307693 0.03125 0.0673076923076923
3 0.7271634615384616 0.5889423076923077 0.03125 0.07451923076923077
3 0.24759615384615385 0.8329326923076923 0.026442307692307692 0.06490384615384616
0 0.22956730769230768 0.8353365384615384 0.03125 0.0673076923076923
0 0.21394230769230768 0.8389423076923077 0.026442307692307692 0.0673076923076923
0 0.19591346153846154 0.8425480769230769 0.03125 0.0673076923076923
0 0.17427884615384615 0.8425480769230769 0.03125 0.07451923076923077
0 0.5961538461538461 0.9050480769230769 0.03365384615384615 0.06971153846153846
3 0.5793269230769231 0.9110576923076923 0.026442307692307692 0.07211538461538461
0 0.5600961538461539 0.9122596153846154 0.028846153846153848 0.0673076923076923
5 0.5432692307692307 0.9182692307692307 0.028846153846153848 0.07211538461538461
5 0.5264423076923077 0.9206730769230769 0.026442307692307692 0.07211538461538461
3 0.5108173076923077 0.9254807692307693 0.03125 0.0673076923076923
3 0.49158653846153844 0.9278846153846154 0.03125 0.07932692307692307
0 0.4735576923076923 0.9314903846153846 0.028846153846153848 0.06490384615384616
0 0.45552884615384615 0.9290865384615384 0.03125 0.07451923076923077
0 0.4387019230769231 0.9411057692307693 0.03125 0.07932692307692307
2 0.4206730769230769 0.9423076923076923 0.03125 0.0673076923076923
4 0.4050480769230769 0.9483173076923077 0.028846153846153848 0.06490384615384616
8 0.3858173076923077 0.9495192307692307 0.038461538461538464 0.07692307692307693