1 0.9903846153846154 0.9014423076923077 0.014423076923076924 0.0625
0 0.9699519230769231 0.9038461538461539 0.019230769230769232 0.04807692307692308
5 0.9471153846153846 0.9086538461538461 0.02403846153846154 0.052884615384615384
5 0.9290865384615384 0.9146634615384616 0.021634615384615384 0.06009615384615385
3 0.9074519230769231 0.9146634615384616 0.019230769230769232 0.04807692307692308
6 0.8858173076923077 0.9182692307692307 0.021634615384615384 0.04807692307692308
0 0.8617788461538461 0.9206730769230769 0.021634615384615384 0.040865384615384616
8 0.8401442307692307 0.921875 0.021634615384615384 0.052884615384615384
9 0.8197115384615384 0.9242788461538461 0.019230769230769232 0.04567307692307692
8 0.796875 0.9290865384615384 0.021634615384615384 0.057692307692307696
2 0.7764423076923077 0.9278846153846154 0.02403846153846154 0.057692307692307696
9 0.7536057692307693 0.9326923076923077 0.021634615384615384 0.052884615384615384
0 0.7103365384615384 0.7584134615384616 0.026442307692307692 0.06490384615384616
1 0.6923076923076923 0.7596153846153846 0.019230769230769232 0.0673076923076923
0 0.6766826923076923 0.765625 0.02403846153846154 0.0673076923076923
2 0.6574519230769231 0.7608173076923077 0.02403846153846154 0.06009615384615385
0 0.6382211538461539 0.7680288461538461 0.02403846153846154 0.07211538461538461
2 0.8461538461538461 0.3293269230769231 0.02403846153846154 0.0673076923076923
2 0.828125 0.328125 0.02403846153846154 0.0673076923076923
4 0.8088942307692307 0.33052884615384615 0.026442307692307692 0.0673076923076923
3 0.6875 0.3449519230769231 0.026442307692307692 0.07451923076923077
3 0.15745192307692307 0.2608173076923077 0.021634615384615384 0.06490384615384616
0 0.13942307692307693 0.2644230769230769 0.026442307692307692 0.0673076923076923
0 0.12379807692307693 0.2668269230769231 0.021634615384615384 0.0673076923076923
0 0.1045673076923077 0.2692307692307692 0.026442307692307692 0.0673076923076923
0 0.08533653846153846 0.27524038461538464 0.026442307692307692 0.07451923076923077
0 0.46634615384615385 0.08533653846153846 0.028846153846153848 0.0673076923076923
3 0.4495192307692308 0.08533653846153846 0.021634615384615384 0.07211538461538461
0 0.43028846153846156 0.09014423076923077 0.02403846153846154 0.0673076923076923
5 0.41225961538461536 0.0889423076923077 0.02403846153846154 0.07211538461538461
5 0.3954326923076923 0.09134615384615384 0.021634615384615384 0.07211538461538461
3 0.3786057692307692 0.09254807692307693 0.026442307692307692 0.0673076923076923
3 0.359375 0.09615384615384616 0.026442307692307692 0.07932692307692307
0 0.34134615384615385 0.0985576923076923 0.02403846153846154 0.06490384615384616
0 0.32572115384615385 0.10576923076923077 0.026442307692307692 0.07451923076923077
0 0.30528846153846156 0.0985576923076923 0.026442307692307692 0.07932692307692307
2 0.28725961538461536 0.10336538461538461 0.026442307692307692 0.0673076923076923
4 0.2704326923076923 0.10336538461538461 0.02403846153846154 0.06490384615384616
8 0.25240384615384615 0.10817307692307693 0.03365384615384615 0.07692307692307693