5 0.9855769230769231 0.8605769230769231 0.02403846153846154 0.057692307692307696
5 0.9699519230769231 0.8677884615384616 0.026442307692307692 0.06009615384615385
3 0.9483173076923077 0.8701923076923077 0.02403846153846154 0.04807692307692308
6 0.9266826923076923 0.875 0.026442307692307692 0.05048076923076923
0 0.9038461538461539 0.8810096153846154 0.026442307692307692 0.04326923076923077
8 0.8822115384615384 0.8846153846153846 0.026442307692307692 0.052884615384615384
9 0.8617788461538461 0.8882211538461539 0.02403846153846154 0.04567307692307692
8 0.8401442307692307 0.8954326923076923 0.026442307692307692 0.057692307692307696
2 0.8197115384615384 0.8966346153846154 0.028846153846153848 0.057692307692307696
9 0.7980769230769231 0.9038461538461539 0.026442307692307692 0.052884615384615384
0 0.7355769230769231 0.7355769230769231 0.03125 0.06490384615384616
1 0.7175480769230769 0.7379807692307693 0.026442307692307692 0.0673076923076923
0 0.703125 0.7451923076923077 0.03125 0.0673076923076923
2 0.6838942307692307 0.7427884615384616 0.028846153846153848 0.06009615384615385
0 0.6658653846153846 0.7512019230769231 0.03125 0.07211538461538461
2 0.8257211538461539 0.29447115384615385 0.03125 0.0673076923076923
2 0.8076923076923077 0.29447115384615385 0.03125 0.0673076923076923
4 0.7896634615384616 0.29927884615384615 0.03125 0.0673076923076923
3 0.6706730769230769 0.32572115384615385 0.03365384615384615 0.07451923076923077
3 0.13341346153846154 0.2980769230769231 0.028846153846153848 0.06490384615384616
0 0.11658653846153846 0.30408653846153844 0.03125 0.0673076923076923
0 0.10096153846153846 0.30649038461538464 0.028846153846153848 0.0673076923076923
0 0.0829326923076923 0.3112980769230769 0.03125 0.0673076923076923
0 0.06370192307692307 0.31971153846153844 0.03365384615384615 0.07451923076923077
0 0.4230769230769231 0.09134615384615384 0.03365384615384615 0.06971153846153846
3 0.40625 0.09254807692307693 0.028846153846153848 0.07211538461538461
0 0.38822115384615385 0.0985576923076923 0.03125 0.0673076923076923
5 0.3701923076923077 0.10096153846153846 0.03125 0.07211538461538461
5 0.35336538461538464 0.1045673076923077 0.028846153846153848 0.07211538461538461
3 0.33653846153846156 0.10697115384615384 0.03125 0.0673076923076923
3 0.31850961538461536 0.11298076923076923 0.03365384615384615 0.07932692307692307
0 0.3004807692307692 0.11658653846153846 0.03125 0.06490384615384616
0 0.2860576923076923 0.12620192307692307 0.03365384615384615 0.07451923076923077
0 0.2644230769230769 0.12139423076923077 0.03365384615384615 0.07932692307692307
2 0.24759615384615385 0.12740384615384615 0.03125 0.0673076923076923
4 0.23076923076923078 0.12980769230769232 0.03125 0.06490384615384616
8 0.2127403846153846 0.13581730769230768 0.040865384615384616 0.07692307692307693