0 0.9603365384615384 0.039663461538461536 0.016826923076923076 0.051682692307692304
1 0.9387019230769231 0.04326923076923077 0.009615384615384616 0.05889423076923077
0 0.9170673076923077 0.042067307692307696 0.014423076923076924 0.046875
5 0.8942307692307693 0.039663461538461536 0.016826923076923076 0.051682692307692304
5 0.875 0.036057692307692304 0.014423076923076924 0.05889423076923077
3 0.8533653846153846 0.038461538461538464 0.013221153846153846 0.046875
6 0.8317307692307693 0.038461538461538464 0.016826923076923076 0.046875
0 0.8076923076923077 0.038461538461538464 0.016826923076923076 0.039663461538461536
8 0.7860576923076923 0.039663461538461536 0.014423076923076924 0.051682692307692304
9 0.765625 0.039663461538461536 0.014423076923076924 0.04326923076923077
8 0.7427884615384616 0.038461538461538464 0.014423076923076924 0.055288461538461536
2 0.7223557692307693 0.042067307692307696 0.016826923076923076 0.055288461538461536
9 0.6995192307692307 0.039663461538461536 0.014423076923076924 0.051682692307692304
0 0.6766826923076923 0.21754807692307693 0.018028846153846152 0.0625
1 0.6586538461538461 0.21875 0.01201923076923077 0.06610576923076923
0 0.6430288461538461 0.21514423076923078 0.016826923076923076 0.06610576923076923
2 0.625 0.22235576923076922 0.016826923076923076 0.05889423076923077
0 0.6045673076923077 0.21754807692307693 0.016826923076923076 0.06971153846153846
2 0.8641826923076923 0.6274038461538461 0.016826923076923076 0.06610576923076923
2 0.8461538461538461 0.6310096153846154 0.016826923076923076 0.06610576923076923
4 0.8269230769230769 0.6310096153846154 0.018028846153846152 0.06610576923076923
3 0.7055288461538461 0.6310096153846154 0.016826923076923076 0.0733173076923077
3 0.18870192307692307 0.7788461538461539 0.014423076923076924 0.0625
0 0.17067307692307693 0.7776442307692307 0.018028846153846152 0.06610576923076923
0 0.15504807692307693 0.7776442307692307 0.014423076923076924 0.06610576923076923
0 0.13581730769230768 0.7776442307692307 0.018028846153846152 0.06610576923076923
0 0.11538461538461539 0.7740384615384616 0.016826923076923076 0.0733173076923077
0 0.5168269230769231 0.9158653846153846 0.020432692307692308 0.06610576923076923
3 0.5 0.9182692307692307 0.014423076923076924 0.06971153846153846
0 0.4807692307692308 0.9158653846153846 0.016826923076923076 0.06610576923076923
5 0.46274038461538464 0.9182692307692307 0.016826923076923076 0.06971153846153846
5 0.44591346153846156 0.9182692307692307 0.014423076923076924 0.06971153846153846
3 0.42908653846153844 0.9194711538461539 0.018028846153846152 0.06610576923076923
3 0.4098557692307692 0.9182692307692307 0.016826923076923076 0.07692307692307693
0 0.3918269230769231 0.9182692307692307 0.016826923076923076 0.0625
0 0.375 0.9122596153846154 0.016826923076923076 0.0733173076923077
0 0.3557692307692308 0.921875 0.016826923076923076 0.07692307692307693
2 0.33774038461538464 0.9194711538461539 0.018028846153846152 0.06610576923076923
4 0.32091346153846156 0.921875 0.016826923076923076 0.0625
8 0.3016826923076923 0.9194711538461539 0.025240384615384616 0.0733173076923077