0 0.9759615384615384 0.9435096153846154 0.019230769230769232 0.052884615384615384
1 0.9543269230769231 0.9411057692307693 0.01201923076923077 0.06009615384615385
0 0.9326923076923077 0.9435096153846154 0.016826923076923076 0.04807692307692308
5 0.9098557692307693 0.9459134615384616 0.019230769230769232 0.052884615384615384
5 0.890625 0.9507211538461539 0.016826923076923076 0.06009615384615385
3 0.8689903846153846 0.9495192307692307 0.014423076923076924 0.04807692307692308
6 0.8473557692307693 0.9495192307692307 0.019230769230769232 0.04807692307692308
0 0.8233173076923077 0.9507211538461539 0.019230769230769232 0.040865384615384616
8 0.8016826923076923 0.9495192307692307 0.016826923076923076 0.052884615384615384
9 0.78125 0.9507211538461539 0.016826923076923076 0.04326923076923077
8 0.7584134615384616 0.953125 0.016826923076923076 0.055288461538461536
2 0.7379807692307693 0.9495192307692307 0.019230769230769232 0.055288461538461536
9 0.7151442307692307 0.953125 0.016826923076923076 0.052884615384615384
0 0.6862980769230769 0.7764423076923077 0.019230769230769232 0.0625
1 0.6682692307692307 0.7752403846153846 0.014423076923076924 0.0673076923076923
0 0.6526442307692307 0.7800480769230769 0.019230769230769232 0.0673076923076923
2 0.6346153846153846 0.7728365384615384 0.019230769230769232 0.06009615384615385
0 0.6141826923076923 0.7788461538461539 0.019230769230769232 0.06971153846153846
2 0.859375 0.359375 0.019230769230769232 0.0673076923076923
2 0.8413461538461539 0.35697115384615385 0.019230769230769232 0.0673076923076923
4 0.8221153846153846 0.3581730769230769 0.019230769230769232 0.0673076923076923
3 0.7007211538461539 0.36177884615384615 0.019230769230769232 0.07451923076923077
3 0.17908653846153846 0.23197115384615385 0.016826923076923076 0.0625
0 0.16105769230769232 0.234375 0.019230769230769232 0.0673076923076923
0 0.14543269230769232 0.234375 0.016826923076923076 0.0673076923076923
0 0.12620192307692307 0.23557692307692307 0.019230769230769232 0.0673076923076923
0 0.10576923076923077 0.23918269230769232 0.019230769230769232 0.07451923076923077
0 0.5024038461538461 0.08413461538461539 0.021634615384615384 0.0673076923076923
3 0.4855769230769231 0.08173076923076923 0.016826923076923076 0.06971153846153846
0 0.46634615384615385 0.08533653846153846 0.019230769230769232 0.0673076923076923
5 0.4483173076923077 0.0829326923076923 0.019230769230769232 0.06971153846153846
5 0.43149038461538464 0.08413461538461539 0.016826923076923076 0.06971153846153846
3 0.41466346153846156 0.0829326923076923 0.019230769230769232 0.0673076923076923
3 0.3954326923076923 0.08533653846153846 0.019230769230769232 0.07692307692307693
0 0.37740384615384615 0.08533653846153846 0.019230769230769232 0.0625
0 0.3605769230769231 0.09254807692307693 0.019230769230769232 0.07451923076923077
0 0.34134615384615385 0.0829326923076923 0.019230769230769232 0.07692307692307693
2 0.3233173076923077 0.08653846153846154 0.019230769230769232 0.0673076923076923
4 0.30649038461538464 0.08413461538461539 0.019230769230769232 0.0625
8 0.28725961538461536 0.08774038461538461 0.028846153846153848 0.07451923076923077