1 0.13822115384615385 0.006009615384615385 0.021634615384615384 0.01201923076923077
5 0.18389423076923078 0.006009615384615385 0.026442307692307692 0.01201923076923077
5 0.203125 0.007211538461538462 0.026442307692307692 0.014423076923076924
3 0.2247596153846154 0.007211538461538462 0.021634615384615384 0.014423076923076924
6 0.2439903846153846 0.009615384615384616 0.026442307692307692 0.019230769230769232
0 0.2692307692307692 0.009615384615384616 0.02403846153846154 0.019230769230769232
8 0.29086538461538464 0.014423076923076924 0.02403846153846154 0.028846153846153848
9 0.31009615384615385 0.014423076923076924 0.02403846153846154 0.028846153846153848
8 0.3329326923076923 0.018028846153846152 0.026442307692307692 0.036057692307692304
2 0.35336538461538464 0.021634615384615384 0.028846153846153848 0.04326923076923077
9 0.375 0.021634615384615384 0.02403846153846154 0.04326923076923077
0 0.3701923076923077 0.1935096153846154 0.026442307692307692 0.06490384615384616
1 0.3870192307692308 0.1971153846153846 0.021634615384615384 0.0673076923076923
0 0.40384615384615385 0.19591346153846154 0.026442307692307692 0.0673076923076923
2 0.41947115384615385 0.20673076923076922 0.026442307692307692 0.06009615384615385
0 0.4411057692307692 0.20432692307692307 0.026442307692307692 0.07211538461538461
2 0.1201923076923077 0.5685096153846154 0.026442307692307692 0.0673076923076923
2 0.13701923076923078 0.5757211538461539 0.026442307692307692 0.0673076923076923
4 0.15625 0.578125 0.028846153846153848 0.0673076923076923
3 0.2764423076923077 0.5973557692307693 0.028846153846153848 0.07451923076923077
3 0.7644230769230769 0.8245192307692307 0.02403846153846154 0.06490384615384616
0 0.78125 0.8257211538461539 0.028846153846153848 0.0673076923076923
0 0.796875 0.828125 0.02403846153846154 0.0673076923076923
0 0.8161057692307693 0.8317307692307693 0.028846153846153848 0.0673076923076923
0 0.8365384615384616 0.8305288461538461 0.028846153846153848 0.07451923076923077
0 0.4182692307692308 0.9086538461538461 0.03125 0.0673076923076923
3 0.43509615384615385 0.9134615384615384 0.02403846153846154 0.07211538461538461
0 0.4543269230769231 0.9134615384615384 0.026442307692307692 0.0673076923076923
5 0.47115384615384615 0.9194711538461539 0.026442307692307692 0.07211538461538461
5 0.4879807692307692 0.921875 0.02403846153846154 0.07211538461538461
3 0.5048076923076923 0.9254807692307693 0.028846153846153848 0.0673076923076923
3 0.5240384615384616 0.9266826923076923 0.028846153846153848 0.07932692307692307
0 0.5408653846153846 0.9302884615384616 0.026442307692307692 0.06490384615384616
0 0.5588942307692307 0.9266826923076923 0.028846153846153848 0.07451923076923077
0 0.5769230769230769 0.9387019230769231 0.028846153846153848 0.07932692307692307
2 0.5949519230769231 0.9399038461538461 0.028846153846153848 0.0673076923076923
4 0.6105769230769231 0.9447115384615384 0.026442307692307692 0.06490384615384616
8 0.6298076923076923 0.9459134615384616 0.036057692307692304 0.07692307692307693