0 0.039663461538461536 0.039663461538461536 0.016826923076923076 0.051682692307692304
1 0.06129807692307692 0.04326923076923077 0.009615384615384616 0.05889423076923077
0 0.0829326923076923 0.042067307692307696 0.014423076923076924 0.046875
5 0.10576923076923077 0.039663461538461536 0.016826923076923076 0.051682692307692304
5 0.125 0.036057692307692304 0.014423076923076924 0.05889423076923077
3 0.1466346153846154 0.038461538461538464 0.013221153846153846 0.046875
6 0.16826923076923078 0.038461538461538464 0.016826923076923076 0.046875
0 0.19230769230769232 0.038461538461538464 0.016826923076923076 0.039663461538461536
8 0.21394230769230768 0.039663461538461536 0.014423076923076924 0.051682692307692304
9 0.234375 0.039663461538461536 0.014423076923076924 0.04326923076923077
8 0.25721153846153844 0.038461538461538464 0.014423076923076924 0.055288461538461536
2 0.2776442307692308 0.042067307692307696 0.016826923076923076 0.055288461538461536
9 0.3004807692307692 0.039663461538461536 0.014423076923076924 0.051682692307692304
0 0.3233173076923077 0.21754807692307693 0.018028846153846152 0.0625
1 0.34134615384615385 0.21875 0.01201923076923077 0.06610576923076923
0 0.35697115384615385 0.21514423076923078 0.016826923076923076 0.06610576923076923
2 0.375 0.22235576923076922 0.016826923076923076 0.05889423076923077
0 0.3954326923076923 0.21754807692307693 0.016826923076923076 0.06971153846153846
2 0.13581730769230768 0.6274038461538461 0.016826923076923076 0.06610576923076923
2 0.15384615384615385 0.6310096153846154 0.016826923076923076 0.06610576923076923
4 0.17307692307692307 0.6310096153846154 0.018028846153846152 0.06610576923076923
3 0.29447115384615385 0.6310096153846154 0.016826923076923076 0.0733173076923077
3 0.8112980769230769 0.7788461538461539 0.014423076923076924 0.0625
0 0.8293269230769231 0.7776442307692307 0.018028846153846152 0.06610576923076923
0 0.8449519230769231 0.7776442307692307 0.014423076923076924 0.06610576923076923
0 0.8641826923076923 0.7776442307692307 0.018028846153846152 0.06610576923076923
0 0.8846153846153846 0.7740384615384616 0.016826923076923076 0.0733173076923077
0 0.4831730769230769 0.9158653846153846 0.020432692307692308 0.06610576923076923
3 0.5 0.9182692307692307 0.014423076923076924 0.06971153846153846
0 0.5192307692307693 0.9158653846153846 0.016826923076923076 0.06610576923076923
5 0.5372596153846154 0.9182692307692307 0.016826923076923076 0.06971153846153846
5 0.5540865384615384 0.9182692307692307 0.014423076923076924 0.06971153846153846
3 0.5709134615384616 0.9194711538461539 0.018028846153846152 0.06610576923076923
3 0.5901442307692307 0.9182692307692307 0.016826923076923076 0.07692307692307693
0 0.6081730769230769 0.9182692307692307 0.016826923076923076 0.0625
0 0.625 0.9122596153846154 0.016826923076923076 0.0733173076923077
0 0.6442307692307693 0.921875 0.016826923076923076 0.07692307692307693
2 0.6622596153846154 0.9194711538461539 0.018028846153846152 0.06610576923076923
4 0.6790865384615384 0.921875 0.016826923076923076 0.0625
8 0.6983173076923077 0.9194711538461539 0.025240384615384616 0.0733173076923077