0 0.671875 0.13701923076923078 0.021634615384615384 0.09615384615384616
1 0.6550480769230769 0.13701923076923078 0.015625 0.1045673076923077
2 0.6358173076923077 0.125 0.010817307692307692 0.09615384615384616
3 0.6165865384615384 0.12620192307692307 0.021634615384615384 0.11658653846153846
3 0.5973557692307693 0.13221153846153846 0.018028846153846152 0.11298076923076923
2 0.578125 0.13822115384615385 0.014423076923076924 0.10817307692307693
8 0.5564903846153846 0.13221153846153846 0.021634615384615384 0.1045673076923077
2 0.7019230769230769 0.3233173076923077 0.026442307692307692 0.13221153846153846
2 0.6790865384615384 0.3269230769230769 0.021634615384615384 0.14903846153846154
2 0.6514423076923077 0.3173076923076923 0.015625 0.11298076923076923
3 0.6310096153846154 0.3293269230769231 0.021634615384615384 0.11298076923076923
1 0.6021634615384616 0.32572115384615385 0.015625 0.11298076923076923
4 0.5805288461538461 0.3233173076923077 0.018028846153846152 0.10817307692307693
0 0.5600961538461539 0.3233173076923077 0.019230769230769232 0.10817307692307693
1 0.5396634615384616 0.3233173076923077 0.021634615384615384 0.125
5 0.7055288461538461 0.5805288461538461 0.02283653846153846 0.10096153846153846
3 0.6742788461538461 0.5925480769230769 0.030048076923076924 0.11658653846153846
2 0.28846153846153844 0.6129807692307693 0.019230769230769232 0.10096153846153846
3 0.2668269230769231 0.6081730769230769 0.015625 0.10096153846153846
2 0.23798076923076922 0.6141826923076923 0.019230769230769232 0.12860576923076922
2 0.21514423076923078 0.6165865384615384 0.018028846153846152 0.11658653846153846
1 0.18870192307692307 0.6189903846153846 0.018028846153846152 0.1045673076923077
4 0.16706730769230768 0.6189903846153846 0.018028846153846152 0.11298076923076923
0 0.1502403846153846 0.6129807692307693 0.019230769230769232 0.10096153846153846
1 0.12860576923076922 0.6189903846153846 0.021634615384615384 0.1201923076923077
2 0.6514423076923077 0.734375 0.01201923076923077 0.11298076923076923
6 0.6298076923076923 0.7367788461538461 0.019230769230769232 0.10096153846153846
2 0.6117788461538461 0.7427884615384616 0.014423076923076924 0.1045673076923077
3 0.5913461538461539 0.7427884615384616 0.018028846153846152 0.1201923076923077
3 0.5733173076923077 0.7367788461538461 0.015625 0.10817307692307693
3 0.5540865384615384 0.7403846153846154 0.018028846153846152 0.09254807692307693
9 0.5348557692307693 0.7451923076923077 0.021634615384615384 0.10096153846153846
7 0.5120192307692307 0.7427884615384616 0.02283653846153846 0.0889423076923077