0 0.056490384615384616 0.02283653846153846 0.021634615384615384 0.04567307692307692
1 0.07932692307692307 0.02403846153846154 0.014423076923076924 0.04807692307692308
0 0.09975961538461539 0.02403846153846154 0.016826923076923076 0.04807692307692308
5 0.12379807692307693 0.025240384615384616 0.016826923076923076 0.05048076923076923
5 0.14302884615384615 0.027644230769230768 0.021634615384615384 0.055288461538461536
3 0.16466346153846154 0.027644230769230768 0.021634615384615384 0.055288461538461536
6 0.18870192307692307 0.026442307692307692 0.021634615384615384 0.052884615384615384
0 0.2091346153846154 0.028846153846153848 0.019230769230769232 0.057692307692307696
8 0.22956730769230768 0.026442307692307692 0.019230769230769232 0.052884615384615384
9 0.2512019230769231 0.027644230769230768 0.021634615384615384 0.055288461538461536
8 0.27163461538461536 0.030048076923076924 0.016826923076923076 0.04807692307692308
2 0.2956730769230769 0.027644230769230768 0.016826923076923076 0.055288461538461536
9 0.3173076923076923 0.027644230769230768 0.019230769230769232 0.055288461538461536
0 0.3329326923076923 0.19110576923076922 0.02403846153846154 0.06009615384615385
1 0.35216346153846156 0.1935096153846154 0.014423076923076924 0.0625
0 0.36899038461538464 0.18990384615384615 0.019230769230769232 0.06971153846153846
2 0.38822115384615385 0.1935096153846154 0.019230769230769232 0.0673076923076923
0 0.40625 0.19110576923076922 0.021634615384615384 0.06971153846153846
2 0.12980769230769232 0.5925480769230769 0.016826923076923076 0.0673076923076923
2 0.1502403846153846 0.5997596153846154 0.016826923076923076 0.06971153846153846
4 0.16706730769230768 0.5889423076923077 0.021634615384615384 0.06971153846153846
3 0.28846153846153844 0.6009615384615384 0.02403846153846154 0.06971153846153846
3 0.7992788461538461 0.7680288461538461 0.021634615384615384 0.06971153846153846
0 0.8173076923076923 0.7668269230769231 0.021634615384615384 0.07451923076923077
0 0.8353365384615384 0.765625 0.021634615384615384 0.06971153846153846
0 0.8545673076923077 0.7680288461538461 0.019230769230769232 0.0673076923076923
0 0.8725961538461539 0.765625 0.021634615384615384 0.07451923076923077
0 0.4699519230769231 0.8930288461538461 0.021634615384615384 0.0673076923076923
3 0.4855769230769231 0.8882211538461539 0.02403846153846154 0.07692307692307693
0 0.5048076923076923 0.890625 0.019230769230769232 0.0673076923076923
5 0.5204326923076923 0.8918269230769231 0.02403846153846154 0.07451923076923077
5 0.5408653846153846 0.8966346153846154 0.019230769230769232 0.06971153846153846
3 0.5564903846153846 0.890625 0.021634615384615384 0.06971153846153846
3 0.5745192307692307 0.8978365384615384 0.019230769230769232 0.06971153846153846
0 0.5925480769230769 0.8978365384615384 0.019230769230769232 0.0673076923076923
0 0.6117788461538461 0.8954326923076923 0.019230769230769232 0.06971153846153846
0 0.6298076923076923 0.9026442307692307 0.016826923076923076 0.06009615384615385
2 0.6466346153846154 0.8990384615384616 0.019230769230769232 0.0673076923076923
4 0.6634615384615384 0.9014423076923077 0.019230769230769232 0.0625
8 0.6826923076923077 0.9014423076923077 0.021634615384615384 0.07451923076923077