0 0.06490384615384616 0.018028846153846152 0.02403846153846154 0.036057692307692304
1 0.08653846153846154 0.020432692307692308 0.014423076923076924 0.040865384615384616
0 0.10817307692307693 0.021634615384615384 0.019230769230769232 0.04326923076923077
5 0.13341346153846154 0.021634615384615384 0.016826923076923076 0.04326923076923077
5 0.15264423076923078 0.02403846153846154 0.021634615384615384 0.04807692307692308
3 0.171875 0.025240384615384616 0.021634615384615384 0.05048076923076923
6 0.19591346153846154 0.02403846153846154 0.021634615384615384 0.04807692307692308
0 0.21875 0.026442307692307692 0.019230769230769232 0.052884615384615384
8 0.23918269230769232 0.025240384615384616 0.021634615384615384 0.05048076923076923
9 0.25841346153846156 0.025240384615384616 0.021634615384615384 0.05048076923076923
8 0.27884615384615385 0.026442307692307692 0.016826923076923076 0.04807692307692308
2 0.30528846153846156 0.026442307692307692 0.019230769230769232 0.052884615384615384
9 0.32572115384615385 0.027644230769230768 0.021634615384615384 0.055288461538461536
0 0.33774038461538464 0.18870192307692307 0.026442307692307692 0.06009615384615385
1 0.35697115384615385 0.18990384615384615 0.014423076923076924 0.0625
0 0.3737980769230769 0.1875 0.021634615384615384 0.06971153846153846
2 0.39302884615384615 0.19110576923076922 0.019230769230769232 0.0673076923076923
0 0.4110576923076923 0.18990384615384615 0.021634615384615384 0.06971153846153846
2 0.12860576923076922 0.5865384615384616 0.016826923076923076 0.0673076923076923
2 0.14903846153846154 0.59375 0.016826923076923076 0.06971153846153846
4 0.1658653846153846 0.5841346153846154 0.021634615384615384 0.06971153846153846
3 0.28725961538461536 0.5973557692307693 0.026442307692307692 0.06971153846153846
3 0.7944711538461539 0.7728365384615384 0.021634615384615384 0.06971153846153846
0 0.8125 0.7728365384615384 0.021634615384615384 0.07451923076923077
0 0.8317307692307693 0.7716346153846154 0.021634615384615384 0.06971153846153846
0 0.8497596153846154 0.7752403846153846 0.019230769230769232 0.0673076923076923
0 0.8689903846153846 0.7716346153846154 0.021634615384615384 0.07451923076923077
0 0.46274038461538464 0.8930288461538461 0.02403846153846154 0.0673076923076923
3 0.47836538461538464 0.8882211538461539 0.02403846153846154 0.07692307692307693
0 0.49759615384615385 0.890625 0.021634615384615384 0.0673076923076923
5 0.5132211538461539 0.8918269230769231 0.02403846153846154 0.07451923076923077
5 0.5348557692307693 0.8978365384615384 0.021634615384615384 0.06971153846153846
3 0.5492788461538461 0.8918269230769231 0.021634615384615384 0.06971153846153846
3 0.5685096153846154 0.8990384615384616 0.021634615384615384 0.06971153846153846
0 0.5865384615384616 0.8990384615384616 0.021634615384615384 0.0673076923076923
0 0.6045673076923077 0.8978365384615384 0.021634615384615384 0.06971153846153846
0 0.6237980769230769 0.9050480769230769 0.016826923076923076 0.06009615384615385
2 0.640625 0.9026442307692307 0.019230769230769232 0.0673076923076923
4 0.6574519230769231 0.9038461538461539 0.019230769230769232 0.0625
8 0.6766826923076923 0.9038461538461539 0.021634615384615384 0.07451923076923077