1 0.002403846153846154 0.8882211538461539 0.004807692307692308 0.05048076923076923
0 0.015625 0.890625 0.021634615384615384 0.04807692307692308
5 0.038461538461538464 0.8978365384615384 0.021634615384615384 0.055288461538461536
5 0.057692307692307696 0.9002403846153846 0.026442307692307692 0.06009615384615385
3 0.07932692307692307 0.9002403846153846 0.026442307692307692 0.057692307692307696
6 0.10216346153846154 0.9074519230769231 0.026442307692307692 0.057692307692307696
0 0.12379807692307693 0.9098557692307693 0.02403846153846154 0.06009615384615385
8 0.14423076923076922 0.9134615384615384 0.02403846153846154 0.052884615384615384
9 0.16346153846153846 0.9182692307692307 0.026442307692307692 0.057692307692307696
8 0.18509615384615385 0.9170673076923077 0.021634615384615384 0.04807692307692308
2 0.2091346153846154 0.9242788461538461 0.02403846153846154 0.057692307692307696
9 0.23076923076923078 0.9278846153846154 0.026442307692307692 0.057692307692307696
0 0.2764423076923077 0.7716346153846154 0.03125 0.0625
1 0.2956730769230769 0.7728365384615384 0.021634615384615384 0.0625
0 0.3125 0.7788461538461539 0.026442307692307692 0.07211538461538461
2 0.3317307692307692 0.7800480769230769 0.026442307692307692 0.0673076923076923
0 0.3485576923076923 0.7848557692307693 0.028846153846153848 0.07211538461538461
2 0.15504807692307693 0.33774038461538464 0.02403846153846154 0.0673076923076923
2 0.17548076923076922 0.33533653846153844 0.02403846153846154 0.07211538461538461
4 0.19110576923076922 0.3485576923076923 0.028846153846153848 0.07211538461538461
3 0.3112980769230769 0.3605769230769231 0.03125 0.07211538461538461
3 0.8449519230769231 0.29447115384615385 0.028846153846153848 0.07211538461538461
0 0.8629807692307693 0.2980769230769231 0.028846153846153848 0.07451923076923077
0 0.8798076923076923 0.30288461538461536 0.028846153846153848 0.07211538461538461
0 0.9002403846153846 0.30408653846153844 0.026442307692307692 0.0673076923076923
0 0.9170673076923077 0.31009615384615385 0.028846153846153848 0.07451923076923077
0 0.5444711538461539 0.10817307692307693 0.03125 0.0673076923076923
3 0.5600961538461539 0.11658653846153846 0.03125 0.07932692307692307
0 0.5793269230769231 0.11658653846153846 0.028846153846153848 0.0673076923076923
5 0.59375 0.11899038461538461 0.03125 0.07451923076923077
5 0.6165865384615384 0.11778846153846154 0.026442307692307692 0.07211538461538461
3 0.6298076923076923 0.12740384615384615 0.028846153846153848 0.07211538461538461
3 0.6502403846153846 0.12379807692307693 0.026442307692307692 0.07211538461538461
0 0.6670673076923077 0.12740384615384615 0.028846153846153848 0.0673076923076923
0 0.6850961538461539 0.13221153846153846 0.026442307692307692 0.07211538461538461
0 0.7043269230769231 0.12980769230769232 0.02403846153846154 0.06009615384615385
2 0.7211538461538461 0.13581730769230768 0.026442307692307692 0.0673076923076923
4 0.7379807692307693 0.13701923076923078 0.026442307692307692 0.06490384615384616
8 0.7560096153846154 0.14182692307692307 0.028846153846153848 0.07451923076923077