0 0.9375 0.9807692307692307 0.02403846153846154 0.03365384615384615
1 0.9134615384615384 0.9783653846153846 0.014423076923076924 0.038461538461538464
0 0.8918269230769231 0.9783653846153846 0.019230769230769232 0.038461538461538464
5 0.8689903846153846 0.9771634615384616 0.016826923076923076 0.040865384615384616
5 0.8497596153846154 0.9747596153846154 0.021634615384615384 0.04567307692307692
3 0.8305288461538461 0.9747596153846154 0.021634615384615384 0.04567307692307692
6 0.8040865384615384 0.9759615384615384 0.021634615384615384 0.04326923076923077
0 0.7836538461538461 0.9735576923076923 0.019230769230769232 0.04807692307692308
8 0.7632211538461539 0.9747596153846154 0.021634615384615384 0.04567307692307692
9 0.7415865384615384 0.9735576923076923 0.021634615384615384 0.04807692307692308
8 0.7211538461538461 0.9735576923076923 0.016826923076923076 0.04807692307692308
2 0.6971153846153846 0.9723557692307693 0.019230769230769232 0.05048076923076923
9 0.6766826923076923 0.9723557692307693 0.021634615384615384 0.05048076923076923
0 0.6622596153846154 0.8112980769230769 0.026442307692307692 0.06009615384615385
1 0.6430288461538461 0.8100961538461539 0.014423076923076924 0.0625
0 0.6262019230769231 0.8125 0.021634615384615384 0.06971153846153846
2 0.6069711538461539 0.8088942307692307 0.019230769230769232 0.0673076923076923
0 0.5889423076923077 0.8100961538461539 0.021634615384615384 0.06971153846153846
2 0.8713942307692307 0.41346153846153844 0.016826923076923076 0.0673076923076923
2 0.8509615384615384 0.40625 0.016826923076923076 0.06971153846153846
4 0.8341346153846154 0.41586538461538464 0.021634615384615384 0.06971153846153846
3 0.7127403846153846 0.4026442307692308 0.026442307692307692 0.06971153846153846
3 0.20552884615384615 0.22716346153846154 0.021634615384615384 0.06971153846153846
0 0.1875 0.22716346153846154 0.021634615384615384 0.07451923076923077
0 0.16826923076923078 0.2283653846153846 0.021634615384615384 0.06971153846153846
0 0.1502403846153846 0.2247596153846154 0.019230769230769232 0.0673076923076923
0 0.1310096153846154 0.2283653846153846 0.021634615384615384 0.07451923076923077
0 0.5372596153846154 0.10697115384615384 0.02403846153846154 0.0673076923076923
3 0.5216346153846154 0.11177884615384616 0.02403846153846154 0.07692307692307693
0 0.5024038461538461 0.109375 0.021634615384615384 0.0673076923076923
5 0.48677884615384615 0.10817307692307693 0.02403846153846154 0.07451923076923077
5 0.4651442307692308 0.10216346153846154 0.021634615384615384 0.06971153846153846
3 0.45072115384615385 0.10817307692307693 0.021634615384615384 0.06971153846153846
3 0.43149038461538464 0.10096153846153846 0.021634615384615384 0.06971153846153846
0 0.41346153846153844 0.10096153846153846 0.021634615384615384 0.0673076923076923
0 0.3954326923076923 0.10216346153846154 0.021634615384615384 0.06971153846153846
0 0.3762019230769231 0.09495192307692307 0.016826923076923076 0.06009615384615385
2 0.359375 0.09735576923076923 0.019230769230769232 0.0673076923076923
4 0.3425480769230769 0.09615384615384616 0.019230769230769232 0.0625
8 0.3233173076923077 0.09615384615384616 0.021634615384615384 0.07451923076923077