0 0.02283653846153846 0.051682692307692304 0.019230769230769232 0.04807692307692308
1 0.04567307692307692 0.054086538461538464 0.01201923076923077 0.04807692307692308
0 0.0673076923076923 0.052884615384615384 0.016826923076923076 0.04807692307692308
5 0.09134615384615384 0.04927884615384615 0.014423076923076924 0.055288461538461536
5 0.11057692307692307 0.04927884615384615 0.019230769230769232 0.06009615384615385
3 0.1310096153846154 0.05048076923076923 0.019230769230769232 0.055288461538461536
6 0.15504807692307693 0.046875 0.019230769230769232 0.055288461538461536
0 0.17668269230769232 0.046875 0.016826923076923076 0.06009615384615385
8 0.1971153846153846 0.046875 0.019230769230769232 0.052884615384615384
9 0.21754807692307693 0.04447115384615385 0.019230769230769232 0.055288461538461536
8 0.23918269230769232 0.046875 0.016826923076923076 0.04807692307692308
2 0.26322115384615385 0.04326923076923077 0.016826923076923076 0.055288461538461536
9 0.2848557692307692 0.042067307692307696 0.019230769230769232 0.055288461538461536
0 0.3112980769230769 0.203125 0.02403846153846154 0.06009615384615385
1 0.33052884615384615 0.20432692307692307 0.014423076923076924 0.0625
0 0.3473557692307692 0.19951923076923078 0.019230769230769232 0.06971153846153846
2 0.36658653846153844 0.20192307692307693 0.019230769230769232 0.0673076923076923
0 0.38461538461538464 0.19831730769230768 0.021634615384615384 0.06971153846153846
2 0.13701923076923078 0.6189903846153846 0.016826923076923076 0.0673076923076923
2 0.15745192307692307 0.6237980769230769 0.016826923076923076 0.06971153846153846
4 0.17427884615384615 0.6129807692307693 0.021634615384615384 0.06971153846153846
3 0.2956730769230769 0.6153846153846154 0.02403846153846154 0.06971153846153846
3 0.8173076923076923 0.7463942307692307 0.021634615384615384 0.06971153846153846
0 0.8353365384615384 0.7439903846153846 0.021634615384615384 0.07451923076923077
0 0.8533653846153846 0.7415865384615384 0.021634615384615384 0.06971153846153846
0 0.8725961538461539 0.7427884615384616 0.019230769230769232 0.0673076923076923
0 0.890625 0.7391826923076923 0.021634615384615384 0.07451923076923077
0 0.4963942307692308 0.8942307692307693 0.021634615384615384 0.0673076923076923
3 0.5120192307692307 0.8882211538461539 0.02403846153846154 0.07692307692307693
0 0.53125 0.8894230769230769 0.019230769230769232 0.0673076923076923
5 0.546875 0.8894230769230769 0.02403846153846154 0.07451923076923077
5 0.5685096153846154 0.8930288461538461 0.019230769230769232 0.06971153846153846
3 0.5829326923076923 0.8858173076923077 0.021634615384615384 0.06971153846153846
3 0.6021634615384616 0.8918269230769231 0.019230769230769232 0.06971153846153846
0 0.6201923076923077 0.890625 0.019230769230769232 0.0673076923076923
0 0.6382211538461539 0.8870192307692307 0.019230769230769232 0.06971153846153846
0 0.6574519230769231 0.8930288461538461 0.016826923076923076 0.06009615384615385
2 0.6742788461538461 0.8882211538461539 0.019230769230769232 0.0673076923076923
4 0.6911057692307693 0.8894230769230769 0.019230769230769232 0.0625
8 0.7103365384615384 0.8870192307692307 0.021634615384615384 0.07451923076923077