5 0.9867788461538461 0.8665865384615384 0.021634615384615384 0.06009615384615385
5 0.96875 0.8677884615384616 0.028846153846153848 0.06009615384615385
3 0.9483173076923077 0.8701923076923077 0.028846153846153848 0.057692307692307696
6 0.9254807692307693 0.8786057692307693 0.028846153846153848 0.057692307692307696
0 0.9038461538461539 0.8834134615384616 0.026442307692307692 0.06009615384615385
8 0.8846153846153846 0.8870192307692307 0.028846153846153848 0.055288461538461536
9 0.8641826923076923 0.8930288461538461 0.028846153846153848 0.057692307692307696
8 0.8425480769230769 0.8942307692307693 0.02403846153846154 0.04807692307692308
2 0.8197115384615384 0.9038461538461539 0.026442307692307692 0.057692307692307696
9 0.7992788461538461 0.9086538461538461 0.028846153846153848 0.057692307692307696
0 0.7415865384615384 0.7548076923076923 0.036057692307692304 0.0625
1 0.7223557692307693 0.7584134615384616 0.026442307692307692 0.0625
0 0.7067307692307693 0.765625 0.03125 0.07211538461538461
2 0.6875 0.7680288461538461 0.03125 0.0673076923076923
0 0.6706730769230769 0.7740384615384616 0.03365384615384615 0.07211538461538461
2 0.8329326923076923 0.31490384615384615 0.028846153846153848 0.0673076923076923
2 0.8125 0.3137019230769231 0.028846153846153848 0.06971153846153846
4 0.7980769230769231 0.328125 0.03365384615384615 0.07211538461538461
3 0.6778846153846154 0.3473557692307692 0.036057692307692304 0.07211538461538461
3 0.140625 0.31850961538461536 0.03365384615384615 0.07211538461538461
0 0.12379807692307693 0.3245192307692308 0.03365384615384615 0.07451923076923077
0 0.10697115384615384 0.33052884615384615 0.03365384615384615 0.07211538461538461
0 0.08774038461538461 0.3329326923076923 0.03125 0.0673076923076923
0 0.07091346153846154 0.3401442307692308 0.03365384615384615 0.07451923076923077
0 0.42788461538461536 0.11177884615384616 0.03365384615384615 0.06971153846153846
3 0.41346153846153844 0.12139423076923077 0.036057692307692304 0.07932692307692307
0 0.3942307692307692 0.12379807692307693 0.03125 0.0673076923076923
5 0.3798076923076923 0.12740384615384615 0.036057692307692304 0.07692307692307693
5 0.35697115384615385 0.12740384615384615 0.03125 0.07211538461538461
3 0.3449519230769231 0.13701923076923078 0.03365384615384615 0.07211538461538461
3 0.3245192307692308 0.1346153846153846 0.03125 0.07211538461538461
0 0.30649038461538464 0.13942307692307693 0.03125 0.0673076923076923
0 0.28966346153846156 0.1466346153846154 0.03125 0.07211538461538461
0 0.2704326923076923 0.14423076923076922 0.026442307692307692 0.06009615384615385
2 0.2548076923076923 0.15264423076923078 0.03125 0.0673076923076923
4 0.23798076923076922 0.15504807692307693 0.03125 0.06490384615384616
8 0.21875 0.15985576923076922 0.03365384615384615 0.07451923076923077