0 0.016826923076923076 0.9362980769230769 0.019230769230769232 0.055288461538461536
1 0.037259615384615384 0.9399038461538461 0.01201923076923077 0.052884615384615384
0 0.06009615384615385 0.9375 0.019230769230769232 0.06009615384615385
5 0.0829326923076923 0.9423076923076923 0.016826923076923076 0.06009615384615385
5 0.10216346153846154 0.9411057692307693 0.021634615384615384 0.04807692307692308
3 0.125 0.9411057692307693 0.016826923076923076 0.052884615384615384
6 0.14783653846153846 0.9423076923076923 0.019230769230769232 0.052884615384615384
0 0.16826923076923078 0.9435096153846154 0.016826923076923076 0.052884615384615384
8 0.19110576923076922 0.9483173076923077 0.016826923076923076 0.052884615384615384
9 0.2127403846153846 0.9459134615384616 0.016826923076923076 0.052884615384615384
8 0.234375 0.9471153846153846 0.019230769230769232 0.04326923076923077
2 0.2548076923076923 0.9483173076923077 0.019230769230769232 0.052884615384615384
9 0.2764423076923077 0.9507211538461539 0.019230769230769232 0.055288461538461536
0 0.3076923076923077 0.7680288461538461 0.02403846153846154 0.06009615384615385
1 0.3269230769230769 0.7692307692307693 0.014423076923076924 0.0673076923076923
0 0.34375 0.7704326923076923 0.02403846153846154 0.0673076923076923
2 0.3605769230769231 0.7704326923076923 0.019230769230769232 0.0673076923076923
0 0.3786057692307692 0.7680288461538461 0.021634615384615384 0.07451923076923077
2 0.14423076923076922 0.34615384615384615 0.019230769230769232 0.0673076923076923
2 0.1622596153846154 0.3449519230769231 0.016826923076923076 0.0625
4 0.17908653846153846 0.3485576923076923 0.02403846153846154 0.07451923076923077
3 0.29927884615384615 0.35216346153846156 0.02403846153846154 0.06971153846153846
3 0.8233173076923077 0.23557692307692307 0.021634615384615384 0.0673076923076923
0 0.8413461538461539 0.23677884615384615 0.02403846153846154 0.0673076923076923
0 0.8617788461538461 0.23677884615384615 0.019230769230769232 0.06009615384615385
0 0.8786057692307693 0.234375 0.016826923076923076 0.0673076923076923
0 0.8966346153846154 0.23557692307692307 0.016826923076923076 0.0673076923076923
0 0.5048076923076923 0.078125 0.02403846153846154 0.055288461538461536
3 0.5228365384615384 0.07932692307692307 0.019230769230769232 0.06971153846153846
0 0.5432692307692307 0.08173076923076923 0.021634615384615384 0.07451923076923077
5 0.5576923076923077 0.08052884615384616 0.016826923076923076 0.0625
5 0.5757211538461539 0.078125 0.021634615384615384 0.06971153846153846
3 0.5925480769230769 0.0829326923076923 0.021634615384615384 0.0625
3 0.6105769230769231 0.08173076923076923 0.021634615384615384 0.07451923076923077
0 0.6286057692307693 0.08653846153846154 0.02403846153846154 0.0673076923076923
0 0.6478365384615384 0.0889423076923077 0.019230769230769232 0.0625
0 0.6658653846153846 0.08653846153846154 0.016826923076923076 0.0625
2 0.6826923076923077 0.08533653846153846 0.019230769230769232 0.0673076923076923
4 0.7019230769230769 0.08413461538461539 0.019230769230769232 0.06971153846153846
8 0.71875 0.08533653846153846 0.021634615384615384 0.06971153846153846