0 0.9591346153846154 0.9615384615384616 0.016826923076923076 0.055288461538461536
1 0.9387019230769231 0.9639423076923077 0.009615384615384616 0.051682692307692304
0 0.9158653846153846 0.9603365384615384 0.016826923076923076 0.05889423076923077
5 0.8930288461538461 0.9639423076923077 0.014423076923076924 0.05889423076923077
5 0.8737980769230769 0.9615384615384616 0.018028846153846152 0.046875
3 0.8509615384615384 0.9603365384615384 0.013221153846153846 0.051682692307692304
6 0.828125 0.9603365384615384 0.016826923076923076 0.051682692307692304
0 0.8076923076923077 0.9603365384615384 0.013221153846153846 0.051682692307692304
8 0.7848557692307693 0.9639423076923077 0.013221153846153846 0.051682692307692304
9 0.7632211538461539 0.9603365384615384 0.013221153846153846 0.051682692307692304
8 0.7415865384615384 0.9603365384615384 0.016826923076923076 0.04326923076923077
2 0.7211538461538461 0.9603365384615384 0.016826923076923076 0.051682692307692304
9 0.6995192307692307 0.9615384615384616 0.016826923076923076 0.055288461538461536
0 0.6778846153846154 0.7776442307692307 0.020432692307692308 0.05889423076923077
1 0.6586538461538461 0.7776442307692307 0.01201923076923077 0.06610576923076923
0 0.6418269230769231 0.7776442307692307 0.020432692307692308 0.06610576923076923
2 0.625 0.7776442307692307 0.016826923076923076 0.06610576923076923
0 0.6069711538461539 0.7740384615384616 0.018028846153846152 0.0733173076923077
2 0.8629807692307693 0.36538461538461536 0.016826923076923076 0.06610576923076923
2 0.8449519230769231 0.3629807692307692 0.014423076923076924 0.0625
4 0.828125 0.36538461538461536 0.020432692307692308 0.0733173076923077
3 0.7079326923076923 0.3629807692307692 0.020432692307692308 0.06971153846153846
3 0.19110576923076922 0.21875 0.018028846153846152 0.06610576923076923
0 0.17307692307692307 0.21875 0.021634615384615384 0.06610576923076923
0 0.15264423076923078 0.21875 0.016826923076923076 0.05889423076923077
0 0.13581730769230768 0.21514423076923078 0.014423076923076924 0.06610576923076923
0 0.11778846153846154 0.21514423076923078 0.014423076923076924 0.06610576923076923
0 0.5168269230769231 0.078125 0.021634615384615384 0.055288461538461536
3 0.4987980769230769 0.078125 0.014423076923076924 0.06971153846153846
0 0.47836538461538464 0.08052884615384616 0.018028846153846152 0.0733173076923077
5 0.4639423076923077 0.078125 0.014423076923076924 0.0625
5 0.44591346153846156 0.07451923076923077 0.018028846153846152 0.06971153846153846
3 0.42908653846153844 0.078125 0.018028846153846152 0.0625
3 0.4110576923076923 0.07692307692307693 0.018028846153846152 0.0733173076923077
0 0.39302884615384615 0.08052884615384616 0.020432692307692308 0.06610576923076923
0 0.3737980769230769 0.08173076923076923 0.016826923076923076 0.0625
0 0.3557692307692308 0.078125 0.014423076923076924 0.0625
2 0.3389423076923077 0.07692307692307693 0.016826923076923076 0.06610576923076923
4 0.31971153846153844 0.07451923076923077 0.014423076923076924 0.06971153846153846
8 0.30288461538461536 0.07451923076923077 0.016826923076923076 0.06971153846153846