0 0.9831730769230769 0.8894230769230769 0.026442307692307692 0.06009615384615385
5 0.9603365384615384 0.8966346153846154 0.02403846153846154 0.06009615384615385
5 0.9411057692307693 0.8978365384615384 0.02403846153846154 0.04807692307692308
3 0.9182692307692307 0.9002403846153846 0.021634615384615384 0.052884615384615384
6 0.8966346153846154 0.9038461538461539 0.02403846153846154 0.052884615384615384
0 0.8762019230769231 0.90625 0.021634615384615384 0.052884615384615384
8 0.8533653846153846 0.9134615384615384 0.021634615384615384 0.052884615384615384
9 0.8317307692307693 0.9134615384615384 0.021634615384615384 0.052884615384615384
8 0.8100961538461539 0.9170673076923077 0.02403846153846154 0.04567307692307692
2 0.7908653846153846 0.9206730769230769 0.02403846153846154 0.052884615384615384
9 0.7692307692307693 0.9242788461538461 0.026442307692307692 0.057692307692307696
0 0.71875 0.7463942307692307 0.028846153846153848 0.0625
1 0.7007211538461539 0.75 0.021634615384615384 0.0673076923076923
0 0.6838942307692307 0.7524038461538461 0.03125 0.0673076923076923
2 0.6670673076923077 0.7548076923076923 0.026442307692307692 0.0673076923076923
0 0.6490384615384616 0.7536057692307693 0.028846153846153848 0.07451923076923077
2 0.8377403846153846 0.31009615384615385 0.026442307692307692 0.0673076923076923
2 0.8197115384615384 0.3112980769230769 0.02403846153846154 0.06490384615384616
4 0.8028846153846154 0.3161057692307692 0.03125 0.07451923076923077
3 0.6838942307692307 0.3317307692307692 0.03125 0.07211538461538461
3 0.15144230769230768 0.2704326923076923 0.028846153846153848 0.0673076923076923
0 0.13341346153846154 0.27283653846153844 0.03125 0.06971153846153846
0 0.11298076923076923 0.2764423076923077 0.026442307692307692 0.06009615384615385
0 0.09615384615384616 0.27524038461538464 0.02403846153846154 0.0673076923076923
0 0.078125 0.27884615384615385 0.02403846153846154 0.0673076923076923
0 0.45072115384615385 0.08052884615384616 0.028846153846153848 0.057692307692307696
3 0.4326923076923077 0.0829326923076923 0.02403846153846154 0.07211538461538461
0 0.41346153846153844 0.0889423076923077 0.028846153846153848 0.07451923076923077
5 0.39783653846153844 0.0889423076923077 0.02403846153846154 0.06490384615384616
5 0.3798076923076923 0.08774038461538461 0.028846153846153848 0.07211538461538461
3 0.3641826923076923 0.09495192307692307 0.026442307692307692 0.06490384615384616
3 0.34615384615384615 0.09615384615384616 0.028846153846153848 0.07451923076923077
0 0.3293269230769231 0.10216346153846154 0.03125 0.0673076923076923
0 0.31009615384615385 0.10697115384615384 0.026442307692307692 0.06490384615384616
0 0.2920673076923077 0.10576923076923077 0.02403846153846154 0.06490384615384616
2 0.27524038461538464 0.10697115384615384 0.026442307692307692 0.0673076923076923
4 0.2548076923076923 0.10817307692307693 0.02403846153846154 0.07211538461538461
8 0.23918269230769232 0.11057692307692307 0.026442307692307692 0.07211538461538461