0 0.025240384615384616 0.9447115384615384 0.019230769230769232 0.055288461538461536
1 0.04567307692307692 0.9483173076923077 0.01201923076923077 0.052884615384615384
0 0.06850961538461539 0.9459134615384616 0.019230769230769232 0.06009615384615385
5 0.09134615384615384 0.9495192307692307 0.016826923076923076 0.06009615384615385
5 0.11057692307692307 0.9483173076923077 0.019230769230769232 0.04807692307692308
3 0.13341346153846154 0.9483173076923077 0.014423076923076924 0.052884615384615384
6 0.15625 0.9483173076923077 0.019230769230769232 0.052884615384615384
0 0.17668269230769232 0.9495192307692307 0.014423076923076924 0.052884615384615384
8 0.19951923076923078 0.953125 0.014423076923076924 0.052884615384615384
9 0.22115384615384615 0.9507211538461539 0.014423076923076924 0.052884615384615384
8 0.24278846153846154 0.9519230769230769 0.019230769230769232 0.04326923076923077
2 0.26322115384615385 0.9519230769230769 0.019230769230769232 0.052884615384615384
9 0.2848557692307692 0.9543269230769231 0.019230769230769232 0.055288461538461536
0 0.3125 0.7716346153846154 0.021634615384615384 0.06009615384615385
1 0.3317307692307692 0.7716346153846154 0.014423076923076924 0.0673076923076923
0 0.3485576923076923 0.7728365384615384 0.021634615384615384 0.0673076923076923
2 0.36538461538461536 0.7728365384615384 0.019230769230769232 0.0673076923076923
0 0.38341346153846156 0.7704326923076923 0.021634615384615384 0.07451923076923077
2 0.14182692307692307 0.35336538461538464 0.019230769230769232 0.0673076923076923
2 0.15985576923076922 0.35096153846153844 0.016826923076923076 0.0625
4 0.17668269230769232 0.3545673076923077 0.02403846153846154 0.07451923076923077
3 0.296875 0.3557692307692308 0.02403846153846154 0.06971153846153846
3 0.8185096153846154 0.22956730769230768 0.019230769230769232 0.0673076923076923
0 0.8365384615384616 0.23076923076923078 0.02403846153846154 0.0673076923076923
0 0.8569711538461539 0.23076923076923078 0.019230769230769232 0.06009615384615385
0 0.8737980769230769 0.2283653846153846 0.016826923076923076 0.0673076923076923
0 0.8918269230769231 0.2283653846153846 0.016826923076923076 0.0673076923076923
0 0.49759615384615385 0.078125 0.02403846153846154 0.055288461538461536
3 0.515625 0.078125 0.016826923076923076 0.06971153846153846
0 0.5360576923076923 0.08173076923076923 0.021634615384615384 0.07451923076923077
5 0.5504807692307693 0.07932692307692307 0.016826923076923076 0.0625
5 0.5685096153846154 0.07692307692307693 0.021634615384615384 0.06971153846153846
3 0.5853365384615384 0.08052884615384616 0.019230769230769232 0.0625
3 0.6033653846153846 0.08052884615384616 0.021634615384615384 0.07451923076923077
0 0.6213942307692307 0.08413461538461539 0.021634615384615384 0.0673076923076923
0 0.640625 0.08653846153846154 0.019230769230769232 0.0625
0 0.6586538461538461 0.0829326923076923 0.016826923076923076 0.0625
2 0.6754807692307693 0.0829326923076923 0.019230769230769232 0.0673076923076923
4 0.6947115384615384 0.08052884615384616 0.016826923076923076 0.06971153846153846
8 0.7115384615384616 0.08173076923076923 0.019230769230769232 0.06971153846153846