0 0.9182692307692307 0.015625 0.02403846153846154 0.03125
1 0.8978365384615384 0.014423076923076924 0.016826923076923076 0.028846153846153848
0 0.875 0.018028846153846152 0.02403846153846154 0.036057692307692304
5 0.8521634615384616 0.018028846153846152 0.021634615384615384 0.036057692307692304
5 0.8317307692307693 0.016826923076923076 0.02403846153846154 0.03365384615384615
3 0.8100961538461539 0.019230769230769232 0.019230769230769232 0.038461538461538464
6 0.7884615384615384 0.020432692307692308 0.02403846153846154 0.040865384615384616
0 0.7668269230769231 0.021634615384615384 0.019230769230769232 0.04326923076923077
8 0.7427884615384616 0.020432692307692308 0.019230769230769232 0.040865384615384616
9 0.7235576923076923 0.02283653846153846 0.019230769230769232 0.04567307692307692
8 0.7019230769230769 0.02283653846153846 0.02403846153846154 0.04567307692307692
2 0.6802884615384616 0.025240384615384616 0.02403846153846154 0.05048076923076923
9 0.6586538461538461 0.026442307692307692 0.02403846153846154 0.052884615384615384
0 0.6526442307692307 0.20793269230769232 0.026442307692307692 0.06009615384615385
1 0.6334134615384616 0.2091346153846154 0.016826923076923076 0.0673076923076923
0 0.6165865384615384 0.21153846153846154 0.026442307692307692 0.0673076923076923
2 0.5997596153846154 0.2127403846153846 0.021634615384615384 0.0673076923076923
0 0.5829326923076923 0.21754807692307693 0.02403846153846154 0.07451923076923077
2 0.8737980769230769 0.6021634615384616 0.021634615384615384 0.0673076923076923
2 0.8557692307692307 0.6069711538461539 0.019230769230769232 0.0625
4 0.8389423076923077 0.6057692307692307 0.026442307692307692 0.07451923076923077
3 0.71875 0.6177884615384616 0.026442307692307692 0.07211538461538461
3 0.21634615384615385 0.8076923076923077 0.02403846153846154 0.0673076923076923
0 0.19831730769230768 0.8088942307692307 0.026442307692307692 0.0673076923076923
0 0.1778846153846154 0.8100961538461539 0.021634615384615384 0.06009615384615385
0 0.1622596153846154 0.8161057692307693 0.019230769230769232 0.0673076923076923
0 0.14423076923076922 0.8173076923076923 0.019230769230769232 0.0673076923076923
0 0.5540865384615384 0.9182692307692307 0.026442307692307692 0.057692307692307696
3 0.5360576923076923 0.9206730769230769 0.021634615384615384 0.06971153846153846
0 0.5144230769230769 0.9194711538461539 0.02403846153846154 0.07451923076923077
5 0.5012019230769231 0.9230769230769231 0.019230769230769232 0.0625
5 0.4831730769230769 0.9290865384615384 0.02403846153846154 0.07211538461538461
3 0.46634615384615385 0.9266826923076923 0.02403846153846154 0.06490384615384616
3 0.4483173076923077 0.9290865384615384 0.02403846153846154 0.07451923076923077
0 0.43028846153846156 0.9266826923076923 0.026442307692307692 0.0673076923076923
0 0.4110576923076923 0.9278846153846154 0.021634615384615384 0.06490384615384616
0 0.39302884615384615 0.9326923076923077 0.019230769230769232 0.0625
2 0.3762019230769231 0.9350961538461539 0.021634615384615384 0.0673076923076923
4 0.35697115384615385 0.9399038461538461 0.021634615384615384 0.06971153846153846
8 0.3401442307692308 0.9411057692307693 0.02403846153846154 0.06971153846153846