0 0.32572115384615385 0.8389423076923077 0.021634615384615384 0.1201923076923077
1 0.3473557692307692 0.8473557692307693 0.018028846153846152 0.09615384615384616
2 0.36538461538461536 0.84375 0.010817307692307692 0.09615384615384616
3 0.38221153846153844 0.8473557692307693 0.019230769230769232 0.1045673076923077
3 0.4014423076923077 0.84375 0.019230769230769232 0.09615384615384616
2 0.421875 0.8509615384615384 0.014423076923076924 0.09615384615384616
7 0.44350961538461536 0.8449519230769231 0.02283653846153846 0.10817307692307693
2 0.29927884615384615 0.6502403846153846 0.021634615384615384 0.1045673076923077
2 0.31971153846153844 0.6490384615384616 0.019230769230769232 0.11658653846153846
2 0.34975961538461536 0.6526442307692307 0.014423076923076924 0.09254807692307693
3 0.36899038461538464 0.6502403846153846 0.014423076923076924 0.1201923076923077
1 0.39783653846153844 0.6502403846153846 0.019230769230769232 0.1045673076923077
4 0.4170673076923077 0.6442307692307693 0.014423076923076924 0.11658653846153846
0 0.4362980769230769 0.6490384615384616 0.021634615384615384 0.125
1 0.4567307692307692 0.6430288461538461 0.015625 0.09615384615384616
5 0.296875 0.3870192307692308 0.02283653846153846 0.10817307692307693
3 0.31971153846153844 0.38100961538461536 0.019230769230769232 0.1201923076923077
2 0.7079326923076923 0.3557692307692308 0.021634615384615384 0.10096153846153846
3 0.7331730769230769 0.35096153846153844 0.021634615384615384 0.10096153846153846
2 0.7632211538461539 0.35336538461538464 0.014423076923076924 0.09615384615384616
2 0.7800480769230769 0.34975961538461536 0.015625 0.09615384615384616
1 0.8088942307692307 0.34975961538461536 0.018028846153846152 0.0889423076923077
4 0.828125 0.35336538461538464 0.015625 0.09615384615384616
0 0.8461538461538461 0.35697115384615385 0.018028846153846152 0.09615384615384616
1 0.8677884615384616 0.3473557692307692 0.019230769230769232 0.10817307692307693
2 0.34975961538461536 0.23677884615384615 0.015625 0.09615384615384616
6 0.3701923076923077 0.23317307692307693 0.019230769230769232 0.1045673076923077
2 0.38822115384615385 0.2283653846153846 0.010817307692307692 0.11298076923076923
3 0.4074519230769231 0.23677884615384615 0.019230769230769232 0.09615384615384616
3 0.4254807692307692 0.23076923076923078 0.018028846153846152 0.09254807692307693
3 0.44711538461538464 0.23076923076923078 0.019230769230769232 0.09254807692307693
0 0.4639423076923077 0.2283653846153846 0.015625 0.09615384615384616
0 0.4855769230769231 0.23317307692307693 0.02283653846153846 0.0889423076923077