0 0.040865384615384616 0.9615384615384616 0.016826923076923076 0.055288461538461536
1 0.06129807692307692 0.9639423076923077 0.009615384615384616 0.051682692307692304
0 0.08413461538461539 0.9603365384615384 0.016826923076923076 0.05889423076923077
5 0.10697115384615384 0.9639423076923077 0.014423076923076924 0.05889423076923077
5 0.12620192307692307 0.9615384615384616 0.018028846153846152 0.046875
3 0.14903846153846154 0.9603365384615384 0.013221153846153846 0.051682692307692304
6 0.171875 0.9603365384615384 0.016826923076923076 0.051682692307692304
0 0.19230769230769232 0.9603365384615384 0.013221153846153846 0.051682692307692304
8 0.21514423076923078 0.9639423076923077 0.013221153846153846 0.051682692307692304
9 0.23677884615384615 0.9603365384615384 0.013221153846153846 0.051682692307692304
8 0.25841346153846156 0.9603365384615384 0.016826923076923076 0.04326923076923077
2 0.27884615384615385 0.9603365384615384 0.016826923076923076 0.051682692307692304
9 0.3004807692307692 0.9615384615384616 0.016826923076923076 0.055288461538461536
0 0.32211538461538464 0.7776442307692307 0.020432692307692308 0.05889423076923077
1 0.34134615384615385 0.7776442307692307 0.01201923076923077 0.06610576923076923
0 0.3581730769230769 0.7776442307692307 0.020432692307692308 0.06610576923076923
2 0.375 0.7776442307692307 0.016826923076923076 0.06610576923076923
0 0.39302884615384615 0.7740384615384616 0.018028846153846152 0.0733173076923077
2 0.13701923076923078 0.36538461538461536 0.016826923076923076 0.06610576923076923
2 0.15504807692307693 0.3629807692307692 0.014423076923076924 0.0625
4 0.171875 0.36538461538461536 0.020432692307692308 0.0733173076923077
3 0.2920673076923077 0.3629807692307692 0.020432692307692308 0.06971153846153846
3 0.8088942307692307 0.21875 0.018028846153846152 0.06610576923076923
0 0.8269230769230769 0.21875 0.021634615384615384 0.06610576923076923
0 0.8473557692307693 0.21875 0.016826923076923076 0.05889423076923077
0 0.8641826923076923 0.21514423076923078 0.014423076923076924 0.06610576923076923
0 0.8822115384615384 0.21514423076923078 0.014423076923076924 0.06610576923076923
0 0.4831730769230769 0.078125 0.021634615384615384 0.055288461538461536
3 0.5012019230769231 0.078125 0.014423076923076924 0.06971153846153846
0 0.5216346153846154 0.08052884615384616 0.018028846153846152 0.0733173076923077
5 0.5360576923076923 0.078125 0.014423076923076924 0.0625
5 0.5540865384615384 0.07451923076923077 0.018028846153846152 0.06971153846153846
3 0.5709134615384616 0.078125 0.018028846153846152 0.0625
3 0.5889423076923077 0.07692307692307693 0.018028846153846152 0.0733173076923077
0 0.6069711538461539 0.08052884615384616 0.020432692307692308 0.06610576923076923
0 0.6262019230769231 0.08173076923076923 0.016826923076923076 0.0625
0 0.6442307692307693 0.078125 0.014423076923076924 0.0625
2 0.6610576923076923 0.07692307692307693 0.016826923076923076 0.06610576923076923
4 0.6802884615384616 0.07451923076923077 0.014423076923076924 0.06971153846153846
8 0.6971153846153846 0.07451923076923077 0.016826923076923076 0.06971153846153846