3 0.23557692307692307 0.007211538461538462 0.02403846153846154 0.014423076923076924
6 0.25721153846153844 0.008413461538461538 0.028846153846153848 0.016826923076923076
0 0.2764423076923077 0.010817307692307692 0.02403846153846154 0.021634615384615384
8 0.3004807692307692 0.010817307692307692 0.02403846153846154 0.021634615384615384
9 0.32211538461538464 0.014423076923076924 0.02403846153846154 0.028846153846153848
8 0.3425480769230769 0.014423076923076924 0.026442307692307692 0.028846153846153848
2 0.3629807692307692 0.018028846153846152 0.028846153846153848 0.036057692307692304
9 0.38461538461538464 0.020432692307692308 0.028846153846153848 0.040865384615384616
0 0.37259615384615385 0.19591346153846154 0.03125 0.0625
1 0.3918269230769231 0.19951923076923078 0.02403846153846154 0.0673076923076923
0 0.40865384615384615 0.20192307692307693 0.03125 0.06971153846153846
2 0.4254807692307692 0.20432692307692307 0.028846153846153848 0.0673076923076923
0 0.4423076923076923 0.21153846153846154 0.03125 0.07451923076923077
2 0.11899038461538461 0.5697115384615384 0.028846153846153848 0.0673076923076923
2 0.13701923076923078 0.5745192307692307 0.02403846153846154 0.06490384615384616
4 0.15384615384615385 0.5757211538461539 0.03365384615384615 0.07692307692307693
3 0.27163461538461536 0.5985576923076923 0.03125 0.07211538461538461
3 0.7548076923076923 0.8305288461538461 0.028846153846153848 0.0673076923076923
0 0.7728365384615384 0.8341346153846154 0.03365384615384615 0.06971153846153846
0 0.7932692307692307 0.8377403846153846 0.026442307692307692 0.06009615384615385
0 0.8088942307692307 0.84375 0.026442307692307692 0.0673076923076923
0 0.8269230769230769 0.8473557692307693 0.026442307692307692 0.0673076923076923
0 0.4098557692307692 0.9122596153846154 0.03125 0.057692307692307696
3 0.42788461538461536 0.9158653846153846 0.026442307692307692 0.07211538461538461
0 0.4483173076923077 0.9170673076923077 0.03125 0.07451923076923077
5 0.46274038461538464 0.921875 0.02403846153846154 0.06490384615384616
5 0.4795673076923077 0.9278846153846154 0.028846153846153848 0.07211538461538461
3 0.4963942307692308 0.9278846153846154 0.028846153846153848 0.06490384615384616
3 0.5144230769230769 0.9326923076923077 0.03125 0.07451923076923077
0 0.5324519230769231 0.9314903846153846 0.03125 0.06971153846153846
0 0.5516826923076923 0.9338942307692307 0.026442307692307692 0.06490384615384616
0 0.5685096153846154 0.9411057692307693 0.02403846153846154 0.06490384615384616
2 0.5853365384615384 0.9447115384615384 0.028846153846153848 0.0673076923076923
4 0.6033653846153846 0.9507211538461539 0.026442307692307692 0.07211538461538461
8 0.6201923076923077 0.953125 0.028846153846153848 0.07211538461538461