0 0.06610576923076923 0.9771634615384616 0.021634615384615384 0.040865384615384616
1 0.08653846153846154 0.9783653846153846 0.014423076923076924 0.038461538461538464
0 0.109375 0.9747596153846154 0.021634615384615384 0.04567307692307692
5 0.13221153846153846 0.9759615384615384 0.019230769230769232 0.04326923076923077
5 0.15144230769230768 0.9771634615384616 0.02403846153846154 0.040865384615384616
3 0.17307692307692307 0.9747596153846154 0.019230769230769232 0.04567307692307692
6 0.19591346153846154 0.9735576923076923 0.021634615384615384 0.04807692307692308
0 0.21634615384615385 0.9735576923076923 0.019230769230769232 0.04807692307692308
8 0.2403846153846154 0.9747596153846154 0.019230769230769232 0.04567307692307692
9 0.2620192307692308 0.9723557692307693 0.019230769230769232 0.05048076923076923
8 0.2824519230769231 0.9723557692307693 0.019230769230769232 0.04326923076923077
2 0.30288461538461536 0.9711538461538461 0.019230769230769232 0.052884615384615384
9 0.3245192307692308 0.9711538461538461 0.019230769230769232 0.055288461538461536
0 0.33653846153846156 0.7860576923076923 0.02403846153846154 0.06009615384615385
1 0.3557692307692308 0.7860576923076923 0.014423076923076924 0.0673076923076923
0 0.37259615384615385 0.7848557692307693 0.02403846153846154 0.0673076923076923
2 0.3894230769230769 0.7836538461538461 0.019230769230769232 0.0673076923076923
0 0.4074519230769231 0.7788461538461539 0.021634615384615384 0.07451923076923077
2 0.1310096153846154 0.38461538461538464 0.019230769230769232 0.0673076923076923
2 0.14783653846153846 0.38100961538461536 0.016826923076923076 0.0625
4 0.1658653846153846 0.38221153846153844 0.02403846153846154 0.07451923076923077
3 0.2848557692307692 0.3737980769230769 0.02403846153846154 0.06971153846153846
3 0.7932692307692307 0.203125 0.021634615384615384 0.0673076923076923
0 0.8112980769230769 0.20192307692307693 0.02403846153846154 0.0673076923076923
0 0.8317307692307693 0.20072115384615385 0.019230769230769232 0.06009615384615385
0 0.8485576923076923 0.19591346153846154 0.016826923076923076 0.0673076923076923
0 0.8665865384615384 0.19591346153846154 0.016826923076923076 0.0673076923076923
0 0.46153846153846156 0.07932692307692307 0.02403846153846154 0.055288461538461536
3 0.4795673076923077 0.078125 0.019230769230769232 0.06971153846153846
0 0.5 0.08052884615384616 0.021634615384615384 0.07451923076923077
5 0.5144230769230769 0.07692307692307693 0.016826923076923076 0.0625
5 0.53125 0.07211538461538461 0.021634615384615384 0.06971153846153846
3 0.5492788461538461 0.07451923076923077 0.021634615384615384 0.0625
3 0.5661057692307693 0.0733173076923077 0.021634615384615384 0.07451923076923077
0 0.5853365384615384 0.07572115384615384 0.02403846153846154 0.0673076923076923
0 0.6045673076923077 0.07572115384615384 0.019230769230769232 0.0625
0 0.6213942307692307 0.07091346153846154 0.016826923076923076 0.0625
2 0.6382211538461539 0.06850961538461539 0.019230769230769232 0.0673076923076923
4 0.6574519230769231 0.06610576923076923 0.019230769230769232 0.06971153846153846
8 0.6742788461538461 0.06490384615384616 0.021634615384615384 0.06971153846153846