5 0.8149038461538461 0.006009615384615385 0.02403846153846154 0.01201923076923077
5 0.7944711538461539 0.01201923076923077 0.026442307692307692 0.02403846153846154
3 0.7716346153846154 0.006009615384615385 0.02403846153846154 0.01201923076923077
6 0.75 0.009615384615384616 0.02403846153846154 0.019230769230769232
0 0.7283653846153846 0.01201923076923077 0.028846153846153848 0.02403846153846154
8 0.7091346153846154 0.015625 0.02403846153846154 0.03125
9 0.6875 0.016826923076923076 0.028846153846153848 0.03365384615384615
8 0.6658653846153846 0.016826923076923076 0.028846153846153848 0.03365384615384615
2 0.6442307692307693 0.018028846153846152 0.02403846153846154 0.036057692307692304
9 0.6237980769230769 0.021634615384615384 0.026442307692307692 0.04326923076923077
0 0.6286057692307693 0.17307692307692307 0.02403846153846154 0.052884615384615384
1 0.6105769230769231 0.17908653846153846 0.019230769230769232 0.0673076923076923
0 0.59375 0.1778846153846154 0.026442307692307692 0.0673076923076923
2 0.5769230769230769 0.1814903846153846 0.02403846153846154 0.0673076923076923
0 0.5588942307692307 0.18389423076923078 0.026442307692307692 0.06009615384615385
2 0.8725961538461539 0.546875 0.026442307692307692 0.06490384615384616
2 0.8557692307692307 0.5492788461538461 0.028846153846153848 0.07211538461538461
4 0.8401442307692307 0.5552884615384616 0.02403846153846154 0.06490384615384616
3 0.7223557692307693 0.5721153846153846 0.028846153846153848 0.07451923076923077
3 0.23677884615384615 0.7980769230769231 0.026442307692307692 0.06490384615384616
0 0.21875 0.8016826923076923 0.028846153846153848 0.07211538461538461
0 0.203125 0.8040865384615384 0.03125 0.07211538461538461
0 0.18389423076923078 0.8052884615384616 0.026442307692307692 0.07451923076923077
0 0.16706730769230768 0.8112980769230769 0.028846153846153848 0.07451923076923077
0 0.5769230769230769 0.8774038461538461 0.026442307692307692 0.06490384615384616
3 0.5588942307692307 0.8798076923076923 0.026442307692307692 0.07211538461538461
0 0.5420673076923077 0.8822115384615384 0.028846153846153848 0.07211538461538461
5 0.5240384615384616 0.8858173076923077 0.021634615384615384 0.06971153846153846
5 0.5084134615384616 0.890625 0.02403846153846154 0.0673076923076923
3 0.49158653846153844 0.8942307692307693 0.02403846153846154 0.07211538461538461
3 0.47115384615384615 0.8966346153846154 0.026442307692307692 0.0673076923076923
0 0.45552884615384615 0.9002403846153846 0.026442307692307692 0.06490384615384616
0 0.4362980769230769 0.9026442307692307 0.02403846153846154 0.06490384615384616
0 0.4206730769230769 0.9050480769230769 0.028846153846153848 0.07211538461538461
2 0.4026442307692308 0.9086538461538461 0.02403846153846154 0.07692307692307693
4 0.3858173076923077 0.9110576923076923 0.02403846153846154 0.07211538461538461
8 0.36658653846153844 0.9170673076923077 0.03365384615384615 0.07692307692307693