0 0.3173076923076923 0.8713942307692307 0.021634615384615384 0.0889423076923077
1 0.33774038461538464 0.8653846153846154 0.019230769230769232 0.09254807692307693
2 0.3581730769230769 0.8713942307692307 0.010817307692307692 0.0889423076923077
3 0.37740384615384615 0.8653846153846154 0.019230769230769232 0.10817307692307693
3 0.39663461538461536 0.8629807692307693 0.015625 0.1045673076923077
2 0.41466346153846156 0.8677884615384616 0.015625 0.0889423076923077
6 0.4326923076923077 0.8677884615384616 0.018028846153846152 0.0889423076923077
2 0.29086538461538464 0.6850961538461539 0.019230769230769232 0.09254807692307693
2 0.31490384615384615 0.6911057692307693 0.015625 0.09615384615384616
2 0.34375 0.6802884615384616 0.018028846153846152 0.11658653846153846
3 0.3605769230769231 0.6850961538461539 0.019230769230769232 0.13221153846153846
1 0.3918269230769231 0.6826923076923077 0.018028846153846152 0.11298076923076923
4 0.4110576923076923 0.6766826923076923 0.019230769230769232 0.10096153846153846
0 0.42908653846153844 0.6730769230769231 0.02283653846153846 0.11658653846153846
1 0.4495192307692308 0.6766826923076923 0.019230769230769232 0.11658653846153846
5 0.28966346153846156 0.41947115384615385 0.02283653846153846 0.10096153846153846
3 0.3161057692307692 0.421875 0.025240384615384616 0.1045673076923077
2 0.7019230769230769 0.38341346153846156 0.021634615384615384 0.10096153846153846
3 0.7223557692307693 0.3798076923076923 0.019230769230769232 0.125
2 0.7512019230769231 0.3894230769230769 0.015625 0.1045673076923077
2 0.7716346153846154 0.38100961538461536 0.014423076923076924 0.1045673076923077
1 0.7992788461538461 0.3858173076923077 0.015625 0.1201923076923077
4 0.8197115384615384 0.37740384615384615 0.018028846153846152 0.11298076923076923
0 0.8377403846153846 0.38341346153846156 0.018028846153846152 0.13221153846153846
1 0.8605769230769231 0.3798076923076923 0.02283653846153846 0.10817307692307693
2 0.3401442307692308 0.26322115384615385 0.018028846153846152 0.10096153846153846
6 0.36177884615384615 0.26322115384615385 0.021634615384615384 0.10817307692307693
2 0.38100961538461536 0.2608173076923077 0.01201923076923077 0.1045673076923077
3 0.39783653846153844 0.26322115384615385 0.018028846153846152 0.10096153846153846
3 0.41947115384615385 0.25961538461538464 0.018028846153846152 0.10096153846153846
3 0.4387019230769231 0.2512019230769231 0.018028846153846152 0.10817307692307693
7 0.4567307692307692 0.25961538461538464 0.019230769230769232 0.09254807692307693
5 0.47716346153846156 0.25721153846153844 0.018028846153846152 0.0889423076923077