1 0.008413461538461538 0.1045673076923077 0.016826923076923076 0.05048076923076923
0 0.026442307692307692 0.0985576923076923 0.021634615384615384 0.052884615384615384
5 0.04927884615384615 0.09735576923076923 0.019230769230769232 0.055288461538461536
5 0.07091346153846154 0.09735576923076923 0.02403846153846154 0.06490384615384616
3 0.09134615384615384 0.08533653846153846 0.019230769230769232 0.052884615384615384
6 0.11177884615384616 0.08653846153846154 0.019230769230769232 0.052884615384615384
0 0.13341346153846154 0.08173076923076923 0.02403846153846154 0.057692307692307696
8 0.15504807692307693 0.0829326923076923 0.021634615384615384 0.057692307692307696
9 0.17668269230769232 0.07932692307692307 0.02403846153846154 0.057692307692307696
8 0.1971153846153846 0.0733173076923077 0.02403846153846154 0.057692307692307696
2 0.21875 0.07091346153846154 0.019230769230769232 0.052884615384615384
9 0.23918269230769232 0.06850961538461539 0.021634615384615384 0.06009615384615385
0 0.28125 0.2247596153846154 0.02403846153846154 0.052884615384615384
1 0.3004807692307692 0.22596153846153846 0.019230769230769232 0.0673076923076923
0 0.3161057692307692 0.21995192307692307 0.026442307692307692 0.0673076923076923
2 0.3329326923076923 0.21754807692307693 0.02403846153846154 0.0673076923076923
0 0.35096153846153844 0.21514423076923078 0.02403846153846154 0.06009615384615385
2 0.15745192307692307 0.6538461538461539 0.026442307692307692 0.06490384615384616
2 0.17427884615384615 0.6514423076923077 0.026442307692307692 0.07211538461538461
4 0.19110576923076922 0.6526442307692307 0.02403846153846154 0.06490384615384616
3 0.3088942307692308 0.6334134615384616 0.028846153846153848 0.07451923076923077
3 0.8389423076923077 0.7079326923076923 0.026442307692307692 0.06490384615384616
0 0.8569711538461539 0.7055288461538461 0.026442307692307692 0.07211538461538461
0 0.8737980769230769 0.703125 0.028846153846153848 0.07211538461538461
0 0.8918269230769231 0.6995192307692307 0.02403846153846154 0.07451923076923077
0 0.9098557692307693 0.7007211538461539 0.026442307692307692 0.07451923076923077
0 0.5372596153846154 0.8834134615384616 0.026442307692307692 0.06490384615384616
3 0.5552884615384616 0.8810096153846154 0.026442307692307692 0.07211538461538461
0 0.5709134615384616 0.8786057692307693 0.026442307692307692 0.07211538461538461
5 0.5889423076923077 0.8762019230769231 0.021634615384615384 0.06971153846153846
5 0.6057692307692307 0.8762019230769231 0.02403846153846154 0.0673076923076923
3 0.6225961538461539 0.875 0.02403846153846154 0.07211538461538461
3 0.6430288461538461 0.8701923076923077 0.026442307692307692 0.0673076923076923
0 0.6598557692307693 0.8689903846153846 0.026442307692307692 0.06490384615384616
0 0.6790865384615384 0.8665865384615384 0.02403846153846154 0.06490384615384616
0 0.6947115384615384 0.8641826923076923 0.026442307692307692 0.07211538461538461
2 0.7127403846153846 0.8617788461538461 0.021634615384615384 0.07692307692307693
4 0.7295673076923077 0.859375 0.02403846153846154 0.07211538461538461
8 0.75 0.859375 0.03365384615384615 0.07692307692307693