5 0.7944711538461539 0.9867788461538461 0.026442307692307692 0.021634615384615384
3 0.7716346153846154 0.9927884615384616 0.02403846153846154 0.009615384615384616
6 0.75 0.9903846153846154 0.02403846153846154 0.014423076923076924
0 0.7283653846153846 0.9879807692307693 0.028846153846153848 0.019230769230769232
8 0.7091346153846154 0.984375 0.02403846153846154 0.026442307692307692
9 0.6875 0.9819711538461539 0.028846153846153848 0.03125
8 0.6658653846153846 0.9831730769230769 0.028846153846153848 0.028846153846153848
2 0.6442307692307693 0.9819711538461539 0.02403846153846154 0.03125
9 0.6237980769230769 0.9783653846153846 0.026442307692307692 0.038461538461538464
0 0.6286057692307693 0.8269230769230769 0.02403846153846154 0.052884615384615384
1 0.6105769230769231 0.8209134615384616 0.019230769230769232 0.0673076923076923
0 0.59375 0.8221153846153846 0.026442307692307692 0.0673076923076923
2 0.5769230769230769 0.8185096153846154 0.02403846153846154 0.0673076923076923
0 0.5588942307692307 0.8161057692307693 0.026442307692307692 0.06009615384615385
2 0.8725961538461539 0.453125 0.026442307692307692 0.06490384615384616
2 0.8557692307692307 0.45072115384615385 0.028846153846153848 0.07211538461538461
4 0.8401442307692307 0.44471153846153844 0.02403846153846154 0.06490384615384616
3 0.7223557692307693 0.42788461538461536 0.028846153846153848 0.07451923076923077
3 0.23677884615384615 0.20192307692307693 0.026442307692307692 0.06490384615384616
0 0.21875 0.19831730769230768 0.028846153846153848 0.07211538461538461
0 0.203125 0.19591346153846154 0.03125 0.07211538461538461
0 0.18389423076923078 0.19471153846153846 0.026442307692307692 0.07451923076923077
0 0.16706730769230768 0.18870192307692307 0.028846153846153848 0.07451923076923077
0 0.5769230769230769 0.12259615384615384 0.026442307692307692 0.06490384615384616
3 0.5588942307692307 0.1201923076923077 0.026442307692307692 0.07211538461538461
0 0.5420673076923077 0.11778846153846154 0.028846153846153848 0.07211538461538461
5 0.5240384615384616 0.1141826923076923 0.021634615384615384 0.06971153846153846
5 0.5084134615384616 0.109375 0.02403846153846154 0.0673076923076923
3 0.49158653846153844 0.10576923076923077 0.02403846153846154 0.07211538461538461
3 0.47115384615384615 0.10336538461538461 0.026442307692307692 0.0673076923076923
0 0.45552884615384615 0.09975961538461539 0.026442307692307692 0.06490384615384616
0 0.4362980769230769 0.09735576923076923 0.02403846153846154 0.06490384615384616
0 0.4206730769230769 0.09495192307692307 0.028846153846153848 0.07211538461538461
2 0.4026442307692308 0.09134615384615384 0.02403846153846154 0.07692307692307693
4 0.3858173076923077 0.0889423076923077 0.02403846153846154 0.07211538461538461
8 0.36658653846153844 0.0829326923076923 0.03365384615384615 0.07692307692307693