0 0.9819711538461539 0.9375 0.016826923076923076 0.04807692307692308
1 0.9591346153846154 0.9387019230769231 0.014423076923076924 0.04807692307692308
0 0.9375 0.9411057692307693 0.016826923076923076 0.052884615384615384
5 0.9146634615384616 0.9399038461538461 0.014423076923076924 0.055288461538461536
5 0.8930288461538461 0.9375 0.016826923076923076 0.0625
3 0.8713942307692307 0.9483173076923077 0.016826923076923076 0.052884615384615384
6 0.8509615384615384 0.9459134615384616 0.016826923076923076 0.052884615384615384
0 0.8293269230769231 0.9483173076923077 0.019230769230769232 0.055288461538461536
8 0.8076923076923077 0.9459134615384616 0.016826923076923076 0.055288461538461536
9 0.7860576923076923 0.9471153846153846 0.019230769230769232 0.055288461538461536
8 0.7644230769230769 0.9519230769230769 0.019230769230769232 0.055288461538461536
2 0.7427884615384616 0.9519230769230769 0.016826923076923076 0.052884615384615384
9 0.7223557692307693 0.953125 0.016826923076923076 0.06009615384615385
0 0.6935096153846154 0.7932692307692307 0.019230769230769232 0.052884615384615384
1 0.6754807692307693 0.7908653846153846 0.01201923076923077 0.0673076923076923
0 0.6586538461538461 0.7944711538461539 0.019230769230769232 0.0673076923076923
2 0.6418269230769231 0.7956730769230769 0.016826923076923076 0.0673076923076923
0 0.6237980769230769 0.796875 0.019230769230769232 0.06009615384615385
2 0.8545673076923077 0.3762019230769231 0.019230769230769232 0.0625
2 0.8377403846153846 0.37740384615384615 0.021634615384615384 0.06971153846153846
4 0.8209134615384616 0.375 0.016826923076923076 0.0625
3 0.7019230769230769 0.38341346153846156 0.021634615384615384 0.07451923076923077
3 0.18028846153846154 0.26322115384615385 0.019230769230769232 0.0625
0 0.1622596153846154 0.26322115384615385 0.021634615384615384 0.06971153846153846
0 0.14543269230769232 0.2644230769230769 0.02403846153846154 0.06971153846153846
0 0.12620192307692307 0.2668269230769231 0.019230769230769232 0.07451923076923077
0 0.109375 0.2644230769230769 0.021634615384615384 0.07451923076923077
0 0.4963942307692308 0.11538461538461539 0.021634615384615384 0.0625
3 0.47836538461538464 0.11538461538461539 0.021634615384615384 0.06971153846153846
0 0.46153846153846156 0.11658653846153846 0.021634615384615384 0.06971153846153846
5 0.44350961538461536 0.11778846153846154 0.016826923076923076 0.06971153846153846
5 0.4266826923076923 0.11658653846153846 0.016826923076923076 0.0673076923076923
3 0.4098557692307692 0.11538461538461539 0.019230769230769232 0.06971153846153846
3 0.3894230769230769 0.11778846153846154 0.019230769230769232 0.0673076923076923
0 0.37259615384615385 0.11778846153846154 0.019230769230769232 0.0625
0 0.35336538461538464 0.11899038461538461 0.016826923076923076 0.0625
0 0.33774038461538464 0.1201923076923077 0.021634615384615384 0.06971153846153846
2 0.31971153846153844 0.1201923076923077 0.016826923076923076 0.07692307692307693
4 0.30288461538461536 0.12139423076923077 0.019230769230769232 0.06971153846153846
8 0.2824519230769231 0.1201923076923077 0.026442307692307692 0.07451923076923077