0 0.01201923076923077 0.11538461538461539 0.02403846153846154 0.052884615384615384
5 0.03485576923076923 0.11298076923076923 0.021634615384615384 0.057692307692307696
5 0.057692307692307696 0.11298076923076923 0.02403846153846154 0.06490384615384616
3 0.07692307692307693 0.09975961538461539 0.021634615384615384 0.052884615384615384
6 0.09735576923076923 0.09975961538461539 0.021634615384615384 0.052884615384615384
0 0.11899038461538461 0.09495192307692307 0.026442307692307692 0.057692307692307696
8 0.140625 0.09495192307692307 0.021634615384615384 0.057692307692307696
9 0.1622596153846154 0.09134615384615384 0.026442307692307692 0.057692307692307696
8 0.18269230769230768 0.08413461538461539 0.026442307692307692 0.057692307692307696
2 0.20432692307692307 0.08052884615384616 0.021634615384615384 0.052884615384615384
9 0.22355769230769232 0.078125 0.02403846153846154 0.06009615384615385
0 0.27163461538461536 0.23317307692307693 0.026442307692307692 0.052884615384615384
1 0.29086538461538464 0.23317307692307693 0.021634615384615384 0.0673076923076923
0 0.30649038461538464 0.22596153846153846 0.028846153846153848 0.0673076923076923
2 0.3233173076923077 0.22355769230769232 0.026442307692307692 0.0673076923076923
0 0.34134615384615385 0.21995192307692307 0.026442307692307692 0.06009615384615385
2 0.16346153846153846 0.6658653846153846 0.026442307692307692 0.06490384615384616
2 0.17908653846153846 0.6622596153846154 0.028846153846153848 0.07211538461538461
4 0.1971153846153846 0.6634615384615384 0.02403846153846154 0.06490384615384616
3 0.3137019230769231 0.640625 0.03125 0.07451923076923077
3 0.8461538461538461 0.6971153846153846 0.026442307692307692 0.06490384615384616
0 0.8641826923076923 0.6935096153846154 0.028846153846153848 0.07211538461538461
0 0.8798076923076923 0.6899038461538461 0.03125 0.07211538461538461
0 0.8990384615384616 0.6862980769230769 0.026442307692307692 0.07451923076923077
0 0.9158653846153846 0.6862980769230769 0.028846153846153848 0.07451923076923077
0 0.5504807692307693 0.8822115384615384 0.028846153846153848 0.06490384615384616
3 0.5685096153846154 0.8786057692307693 0.028846153846153848 0.07211538461538461
0 0.5841346153846154 0.8762019230769231 0.028846153846153848 0.07211538461538461
5 0.6021634615384616 0.8725961538461539 0.02403846153846154 0.06971153846153846
5 0.6189903846153846 0.8713942307692307 0.026442307692307692 0.0673076923076923
3 0.6358173076923077 0.8701923076923077 0.026442307692307692 0.07211538461538461
3 0.65625 0.8653846153846154 0.028846153846153848 0.0673076923076923
0 0.6730769230769231 0.8641826923076923 0.026442307692307692 0.06490384615384616
0 0.6911057692307693 0.8605769230769231 0.02403846153846154 0.06490384615384616
0 0.7067307692307693 0.8581730769230769 0.028846153846153848 0.07211538461538461
2 0.7247596153846154 0.8545673076923077 0.02403846153846154 0.07692307692307693
4 0.7415865384615384 0.8521634615384616 0.026442307692307692 0.07211538461538461
8 0.7620192307692307 0.8509615384615384 0.036057692307692304 0.07692307692307693