0 0.042067307692307696 0.9615384615384616 0.014423076923076924 0.046875
1 0.06490384615384616 0.9615384615384616 0.01201923076923077 0.046875
0 0.08653846153846154 0.9639423076923077 0.014423076923076924 0.051682692307692304
5 0.109375 0.9615384615384616 0.01201923076923077 0.055288461538461536
5 0.1310096153846154 0.9579326923076923 0.014423076923076924 0.0625
3 0.15264423076923078 0.9675480769230769 0.013221153846153846 0.051682692307692304
6 0.17307692307692307 0.9639423076923077 0.013221153846153846 0.051682692307692304
0 0.19471153846153846 0.9651442307692307 0.016826923076923076 0.055288461538461536
8 0.21634615384615385 0.9615384615384616 0.013221153846153846 0.055288461538461536
9 0.23798076923076922 0.9615384615384616 0.016826923076923076 0.055288461538461536
8 0.25961538461538464 0.9651442307692307 0.016826923076923076 0.055288461538461536
2 0.28125 0.9639423076923077 0.013221153846153846 0.051682692307692304
9 0.3016826923076923 0.9639423076923077 0.014423076923076924 0.05889423076923077
0 0.32211538461538464 0.8028846153846154 0.016826923076923076 0.051682692307692304
1 0.3401442307692308 0.7992788461538461 0.009615384615384616 0.06610576923076923
0 0.35697115384615385 0.8028846153846154 0.016826923076923076 0.06610576923076923
2 0.3737980769230769 0.8028846153846154 0.014423076923076924 0.06610576923076923
0 0.3918269230769231 0.8028846153846154 0.016826923076923076 0.05889423076923077
2 0.13942307692307693 0.3954326923076923 0.016826923076923076 0.0625
2 0.15625 0.3954326923076923 0.018028846153846152 0.06971153846153846
4 0.17307692307692307 0.3918269230769231 0.014423076923076924 0.0625
3 0.2920673076923077 0.3942307692307692 0.018028846153846152 0.0733173076923077
3 0.8064903846153846 0.24639423076923078 0.016826923076923076 0.0625
0 0.8245192307692307 0.24639423076923078 0.018028846153846152 0.06971153846153846
0 0.8413461538461539 0.24639423076923078 0.020432692307692308 0.06971153846153846
0 0.8605769230769231 0.24759615384615385 0.014423076923076924 0.0733173076923077
0 0.8774038461538461 0.2439903846153846 0.016826923076923076 0.0733173076923077
0 0.4831730769230769 0.11538461538461539 0.018028846153846152 0.0625
3 0.5012019230769231 0.11538461538461539 0.016826923076923076 0.06971153846153846
0 0.5180288461538461 0.11538461538461539 0.018028846153846152 0.06971153846153846
5 0.5360576923076923 0.11538461538461539 0.01201923076923077 0.06971153846153846
5 0.5528846153846154 0.11298076923076923 0.014423076923076924 0.06610576923076923
3 0.5697115384615384 0.11177884615384616 0.014423076923076924 0.06971153846153846
3 0.5901442307692307 0.11298076923076923 0.016826923076923076 0.06610576923076923
0 0.6069711538461539 0.11177884615384616 0.016826923076923076 0.0625
0 0.6262019230769231 0.11177884615384616 0.014423076923076924 0.0625
0 0.6418269230769231 0.11177884615384616 0.018028846153846152 0.06971153846153846
2 0.6598557692307693 0.11177884615384616 0.01201923076923077 0.07692307692307693
4 0.6766826923076923 0.11177884615384616 0.014423076923076924 0.06971153846153846
8 0.6971153846153846 0.109375 0.02283653846153846 0.0733173076923077