0 0.9579326923076923 0.9615384615384616 0.014423076923076924 0.046875
1 0.9350961538461539 0.9615384615384616 0.01201923076923077 0.046875
0 0.9134615384615384 0.9639423076923077 0.014423076923076924 0.051682692307692304
5 0.890625 0.9615384615384616 0.01201923076923077 0.055288461538461536
5 0.8689903846153846 0.9579326923076923 0.014423076923076924 0.0625
3 0.8473557692307693 0.9675480769230769 0.013221153846153846 0.051682692307692304
6 0.8269230769230769 0.9639423076923077 0.013221153846153846 0.051682692307692304
0 0.8052884615384616 0.9651442307692307 0.016826923076923076 0.055288461538461536
8 0.7836538461538461 0.9615384615384616 0.013221153846153846 0.055288461538461536
9 0.7620192307692307 0.9615384615384616 0.016826923076923076 0.055288461538461536
8 0.7403846153846154 0.9651442307692307 0.016826923076923076 0.055288461538461536
2 0.71875 0.9639423076923077 0.013221153846153846 0.051682692307692304
9 0.6983173076923077 0.9639423076923077 0.014423076923076924 0.05889423076923077
0 0.6778846153846154 0.8028846153846154 0.016826923076923076 0.051682692307692304
1 0.6598557692307693 0.7992788461538461 0.009615384615384616 0.06610576923076923
0 0.6430288461538461 0.8028846153846154 0.016826923076923076 0.06610576923076923
2 0.6262019230769231 0.8028846153846154 0.014423076923076924 0.06610576923076923
0 0.6081730769230769 0.8028846153846154 0.016826923076923076 0.05889423076923077
2 0.8605769230769231 0.3954326923076923 0.016826923076923076 0.0625
2 0.84375 0.3954326923076923 0.018028846153846152 0.06971153846153846
4 0.8269230769230769 0.3918269230769231 0.014423076923076924 0.0625
3 0.7079326923076923 0.3942307692307692 0.018028846153846152 0.0733173076923077
3 0.1935096153846154 0.24639423076923078 0.016826923076923076 0.0625
0 0.17548076923076922 0.24639423076923078 0.018028846153846152 0.06971153846153846
0 0.15865384615384615 0.24639423076923078 0.020432692307692308 0.06971153846153846
0 0.13942307692307693 0.24759615384615385 0.014423076923076924 0.0733173076923077
0 0.12259615384615384 0.2439903846153846 0.016826923076923076 0.0733173076923077
0 0.5168269230769231 0.11538461538461539 0.018028846153846152 0.0625
3 0.4987980769230769 0.11538461538461539 0.016826923076923076 0.06971153846153846
0 0.48197115384615385 0.11538461538461539 0.018028846153846152 0.06971153846153846
5 0.4639423076923077 0.11538461538461539 0.01201923076923077 0.06971153846153846
5 0.44711538461538464 0.11298076923076923 0.014423076923076924 0.06610576923076923
3 0.43028846153846156 0.11177884615384616 0.014423076923076924 0.06971153846153846
3 0.4098557692307692 0.11298076923076923 0.016826923076923076 0.06610576923076923
0 0.39302884615384615 0.11177884615384616 0.016826923076923076 0.0625
0 0.3737980769230769 0.11177884615384616 0.014423076923076924 0.0625
0 0.3581730769230769 0.11177884615384616 0.018028846153846152 0.06971153846153846
2 0.3401442307692308 0.11177884615384616 0.01201923076923077 0.07692307692307693
4 0.3233173076923077 0.11177884615384616 0.014423076923076924 0.06971153846153846
8 0.30288461538461536 0.109375 0.02283653846153846 0.0733173076923077