0 0.9591346153846154 0.038461538461538464 0.018028846153846152 0.046875
1 0.9375 0.042067307692307696 0.01201923076923077 0.0625
0 0.9170673076923077 0.038461538461538464 0.014423076923076924 0.046875
5 0.8942307692307693 0.03485576923076923 0.016826923076923076 0.055288461538461536
5 0.8713942307692307 0.039663461538461536 0.014423076923076924 0.051682692307692304
3 0.8509615384615384 0.036057692307692304 0.01201923076923077 0.051682692307692304
6 0.8293269230769231 0.038461538461538464 0.018028846153846152 0.046875
0 0.8064903846153846 0.03245192307692308 0.013221153846153846 0.051682692307692304
8 0.7860576923076923 0.03485576923076923 0.014423076923076924 0.046875
9 0.7632211538461539 0.036057692307692304 0.016826923076923076 0.051682692307692304
8 0.7415865384615384 0.036057692307692304 0.013221153846153846 0.05889423076923077
2 0.7199519230769231 0.036057692307692304 0.014423076923076924 0.05889423076923077
9 0.6995192307692307 0.038461538461538464 0.013221153846153846 0.055288461538461536
0 0.6802884615384616 0.21514423076923078 0.021634615384615384 0.06610576923076923
1 0.6610576923076923 0.21514423076923078 0.013221153846153846 0.06610576923076923
0 0.6442307692307693 0.21514423076923078 0.018028846153846152 0.06610576923076923
2 0.6262019230769231 0.21153846153846154 0.018028846153846152 0.0733173076923077
0 0.6081730769230769 0.21514423076923078 0.016826923076923076 0.05889423076923077
2 0.8665865384615384 0.6274038461538461 0.013221153846153846 0.06610576923076923
2 0.8497596153846154 0.6262019230769231 0.016826923076923076 0.0625
4 0.8293269230769231 0.6274038461538461 0.013221153846153846 0.06610576923076923
3 0.7103365384615384 0.6310096153846154 0.020432692307692308 0.06610576923076923
3 0.19230769230769232 0.7740384615384616 0.014423076923076924 0.06610576923076923
0 0.17427884615384615 0.7752403846153846 0.018028846153846152 0.0625
0 0.15745192307692307 0.7752403846153846 0.016826923076923076 0.055288461538461536
0 0.13822115384615385 0.7788461538461539 0.018028846153846152 0.0625
0 0.1201923076923077 0.7776442307692307 0.018028846153846152 0.06610576923076923
0 0.5204326923076923 0.9050480769230769 0.021634615384615384 0.0733173076923077
3 0.5024038461538461 0.9122596153846154 0.013221153846153846 0.06610576923076923
0 0.484375 0.9146634615384616 0.020432692307692308 0.0625
5 0.46634615384615385 0.9158653846153846 0.016826923076923076 0.06610576923076923
5 0.4483173076923077 0.9158653846153846 0.016826923076923076 0.05889423076923077
3 0.43149038461538464 0.9146634615384616 0.016826923076923076 0.07692307692307693
3 0.41346153846153844 0.9182692307692307 0.016826923076923076 0.0625
0 0.39663461538461536 0.9182692307692307 0.020432692307692308 0.0625
0 0.37740384615384615 0.9146634615384616 0.018028846153846152 0.0625
0 0.3581730769230769 0.9194711538461539 0.014423076923076924 0.06610576923076923
2 0.3401442307692308 0.9146634615384616 0.016826923076923076 0.0625
4 0.3245192307692308 0.9146634615384616 0.018028846153846152 0.06971153846153846
8 0.30528846153846156 0.9194711538461539 0.020432692307692308 0.0733173076923077