1 0.9915865384615384 0.10697115384615384 0.01201923076923077 0.06490384615384616
0 0.9771634615384616 0.10096153846153846 0.021634615384615384 0.04807692307692308
5 0.9555288461538461 0.09375 0.02403846153846154 0.057692307692307696
5 0.9314903846153846 0.09615384615384616 0.021634615384615384 0.052884615384615384
3 0.9122596153846154 0.0889423076923077 0.019230769230769232 0.052884615384615384
6 0.890625 0.0889423076923077 0.02403846153846154 0.04807692307692308
0 0.8689903846153846 0.07932692307692307 0.019230769230769232 0.052884615384615384
8 0.8485576923076923 0.07932692307692307 0.021634615384615384 0.04807692307692308
9 0.8257211538461539 0.07692307692307693 0.02403846153846154 0.052884615384615384
8 0.8040865384615384 0.07451923076923077 0.021634615384615384 0.06009615384615385
2 0.7824519230769231 0.07091346153846154 0.021634615384615384 0.06009615384615385
9 0.7620192307692307 0.07091346153846154 0.021634615384615384 0.057692307692307696
0 0.71875 0.24278846153846154 0.03125 0.0673076923076923
1 0.6995192307692307 0.2403846153846154 0.021634615384615384 0.0673076923076923
0 0.6826923076923077 0.23798076923076922 0.026442307692307692 0.0673076923076923
2 0.6646634615384616 0.23197115384615385 0.028846153846153848 0.07451923076923077
0 0.6466346153846154 0.23317307692307693 0.02403846153846154 0.06009615384615385
2 0.8449519230769231 0.6766826923076923 0.021634615384615384 0.0673076923076923
2 0.8293269230769231 0.6730769230769231 0.026442307692307692 0.06490384615384616
4 0.8088942307692307 0.671875 0.021634615384615384 0.0673076923076923
3 0.6899038461538461 0.6586538461538461 0.028846153846153848 0.0673076923076923
3 0.15745192307692307 0.7283653846153846 0.02403846153846154 0.0673076923076923
0 0.13942307692307693 0.7271634615384616 0.026442307692307692 0.06490384615384616
0 0.12259615384615384 0.7247596153846154 0.02403846153846154 0.057692307692307696
0 0.10336538461538461 0.7259615384615384 0.026442307692307692 0.06490384615384616
0 0.08533653846153846 0.7223557692307693 0.026442307692307692 0.0673076923076923
0 0.4639423076923077 0.9038461538461539 0.03125 0.07451923076923077
3 0.44471153846153844 0.9086538461538461 0.021634615384615384 0.0673076923076923
0 0.4266826923076923 0.9086538461538461 0.028846153846153848 0.06490384615384616
5 0.40865384615384615 0.9074519230769231 0.026442307692307692 0.0673076923076923
5 0.390625 0.9050480769230769 0.02403846153846154 0.06009615384615385
3 0.375 0.9014423076923077 0.026442307692307692 0.07932692307692307
3 0.3557692307692308 0.9026442307692307 0.026442307692307692 0.06490384615384616
0 0.3389423076923077 0.9002403846153846 0.028846153846153848 0.06490384615384616
0 0.32091346153846156 0.8930288461538461 0.026442307692307692 0.06490384615384616
0 0.3016826923076923 0.8954326923076923 0.02403846153846154 0.0673076923076923
2 0.28365384615384615 0.8882211538461539 0.026442307692307692 0.06490384615384616
4 0.26802884615384615 0.8858173076923077 0.026442307692307692 0.07211538461538461
8 0.24879807692307693 0.8882211538461539 0.03125 0.07451923076923077