0 0.040865384615384616 0.038461538461538464 0.018028846153846152 0.046875
1 0.0625 0.042067307692307696 0.01201923076923077 0.0625
0 0.0829326923076923 0.038461538461538464 0.014423076923076924 0.046875
5 0.10576923076923077 0.03485576923076923 0.016826923076923076 0.055288461538461536
5 0.12860576923076922 0.039663461538461536 0.014423076923076924 0.051682692307692304
3 0.14903846153846154 0.036057692307692304 0.01201923076923077 0.051682692307692304
6 0.17067307692307693 0.038461538461538464 0.018028846153846152 0.046875
0 0.1935096153846154 0.03245192307692308 0.013221153846153846 0.051682692307692304
8 0.21394230769230768 0.03485576923076923 0.014423076923076924 0.046875
9 0.23677884615384615 0.036057692307692304 0.016826923076923076 0.051682692307692304
8 0.25841346153846156 0.036057692307692304 0.013221153846153846 0.05889423076923077
2 0.2800480769230769 0.036057692307692304 0.014423076923076924 0.05889423076923077
9 0.3004807692307692 0.038461538461538464 0.013221153846153846 0.055288461538461536
0 0.31971153846153844 0.21514423076923078 0.021634615384615384 0.06610576923076923
1 0.3389423076923077 0.21514423076923078 0.013221153846153846 0.06610576923076923
0 0.3557692307692308 0.21514423076923078 0.018028846153846152 0.06610576923076923
2 0.3737980769230769 0.21153846153846154 0.018028846153846152 0.0733173076923077
0 0.3918269230769231 0.21514423076923078 0.016826923076923076 0.05889423076923077
2 0.13341346153846154 0.6274038461538461 0.013221153846153846 0.06610576923076923
2 0.1502403846153846 0.6262019230769231 0.016826923076923076 0.0625
4 0.17067307692307693 0.6274038461538461 0.013221153846153846 0.06610576923076923
3 0.28966346153846156 0.6310096153846154 0.020432692307692308 0.06610576923076923
3 0.8076923076923077 0.7740384615384616 0.014423076923076924 0.06610576923076923
0 0.8257211538461539 0.7752403846153846 0.018028846153846152 0.0625
0 0.8425480769230769 0.7752403846153846 0.016826923076923076 0.055288461538461536
0 0.8617788461538461 0.7788461538461539 0.018028846153846152 0.0625
0 0.8798076923076923 0.7776442307692307 0.018028846153846152 0.06610576923076923
0 0.4795673076923077 0.9050480769230769 0.021634615384615384 0.0733173076923077
3 0.49759615384615385 0.9122596153846154 0.013221153846153846 0.06610576923076923
0 0.515625 0.9146634615384616 0.020432692307692308 0.0625
5 0.5336538461538461 0.9158653846153846 0.016826923076923076 0.06610576923076923
5 0.5516826923076923 0.9158653846153846 0.016826923076923076 0.05889423076923077
3 0.5685096153846154 0.9146634615384616 0.016826923076923076 0.07692307692307693
3 0.5865384615384616 0.9182692307692307 0.016826923076923076 0.0625
0 0.6033653846153846 0.9182692307692307 0.020432692307692308 0.0625
0 0.6225961538461539 0.9146634615384616 0.018028846153846152 0.0625
0 0.6418269230769231 0.9194711538461539 0.014423076923076924 0.06610576923076923
2 0.6598557692307693 0.9146634615384616 0.016826923076923076 0.0625
4 0.6754807692307693 0.9146634615384616 0.018028846153846152 0.06971153846153846
8 0.6947115384615384 0.9194711538461539 0.020432692307692308 0.0733173076923077