0 0.6790865384615384 0.15264423076923078 0.018028846153846152 0.09615384615384616
1 0.6586538461538461 0.15625 0.015625 0.11298076923076923
2 0.6394230769230769 0.15625 0.014423076923076924 0.1045673076923077
3 0.6225961538461539 0.1622596153846154 0.018028846153846152 0.11658653846153846
3 0.6009615384615384 0.15264423076923078 0.018028846153846152 0.11298076923076923
1 0.5805288461538461 0.15264423076923078 0.015625 0.1201923076923077
3 0.5625 0.15264423076923078 0.019230769230769232 0.09615384615384616
2 0.7043269230769231 0.3389423076923077 0.018028846153846152 0.09254807692307693
2 0.6814903846153846 0.35096153846153844 0.014423076923076924 0.10817307692307693
2 0.6538461538461539 0.34375 0.015625 0.10096153846153846
3 0.6334134615384616 0.35096153846153844 0.019230769230769232 0.10817307692307693
1 0.6033653846153846 0.3473557692307692 0.019230769230769232 0.11658653846153846
4 0.5841346153846154 0.3449519230769231 0.014423076923076924 0.09615384615384616
0 0.5661057692307693 0.35096153846153844 0.019230769230769232 0.11658653846153846
1 0.5420673076923077 0.35697115384615385 0.021634615384615384 0.1045673076923077
5 0.7067307692307693 0.5961538461538461 0.02283653846153846 0.11658653846153846
3 0.6826923076923077 0.6009615384615384 0.021634615384615384 0.13221153846153846
2 0.29447115384615385 0.640625 0.025240384615384616 0.10817307692307693
3 0.2704326923076923 0.6430288461538461 0.019230769230769232 0.11298076923076923
2 0.23918269230769232 0.6442307692307693 0.019230769230769232 0.11658653846153846
2 0.21875 0.6466346153846154 0.015625 0.1201923076923077
1 0.19110576923076922 0.6430288461538461 0.021634615384615384 0.11298076923076923
4 0.17067307692307693 0.6490384615384616 0.014423076923076924 0.11658653846153846
0 0.15504807692307693 0.6466346153846154 0.018028846153846152 0.1045673076923077
1 0.13221153846153846 0.6466346153846154 0.025240384615384616 0.1045673076923077
2 0.6550480769230769 0.7596153846153846 0.015625 0.09615384615384616
6 0.6334134615384616 0.7608173076923077 0.019230769230769232 0.10096153846153846
2 0.6141826923076923 0.7632211538461539 0.015625 0.09615384615384616
3 0.5949519230769231 0.7608173076923077 0.014423076923076924 0.10096153846153846
3 0.5745192307692307 0.7692307692307693 0.019230769230769232 0.08413461538461539
2 0.5564903846153846 0.7668269230769231 0.014423076923076924 0.09615384615384616
7 0.5372596153846154 0.7716346153846154 0.015625 0.1201923076923077
3 0.5168269230769231 0.7668269230769231 0.021634615384615384 0.11298076923076923