0 0.05889423076923077 0.02403846153846154 0.021634615384615384 0.04807692307692308
1 0.08052884615384616 0.030048076923076924 0.016826923076923076 0.06009615384615385
0 0.09975961538461539 0.02403846153846154 0.016826923076923076 0.04807692307692308
5 0.12379807692307693 0.025240384615384616 0.021634615384615384 0.05048076923076923
5 0.14543269230769232 0.026442307692307692 0.016826923076923076 0.052884615384615384
3 0.16706730769230768 0.026442307692307692 0.016826923076923076 0.052884615384615384
6 0.1875 0.027644230769230768 0.019230769230769232 0.04807692307692308
0 0.21033653846153846 0.025240384615384616 0.016826923076923076 0.05048076923076923
8 0.23076923076923078 0.025240384615384616 0.016826923076923076 0.04807692307692308
9 0.2536057692307692 0.027644230769230768 0.019230769230769232 0.052884615384615384
8 0.27524038461538464 0.030048076923076924 0.016826923076923076 0.06009615384615385
2 0.2980769230769231 0.030048076923076924 0.019230769230769232 0.06009615384615385
9 0.3173076923076923 0.03125 0.014423076923076924 0.055288461538461536
0 0.3293269230769231 0.2091346153846154 0.02403846153846154 0.0673076923076923
1 0.3485576923076923 0.2091346153846154 0.014423076923076924 0.0673076923076923
0 0.36538461538461536 0.21033653846153846 0.019230769230769232 0.0673076923076923
2 0.38341346153846156 0.20673076923076922 0.021634615384615384 0.07451923076923077
0 0.4014423076923077 0.21153846153846154 0.019230769230769232 0.06009615384615385
2 0.12860576923076922 0.6141826923076923 0.014423076923076924 0.0673076923076923
2 0.1466346153846154 0.6141826923076923 0.019230769230769232 0.0625
4 0.1658653846153846 0.6153846153846154 0.014423076923076924 0.0673076923076923
3 0.2848557692307692 0.6237980769230769 0.021634615384615384 0.0673076923076923
3 0.7980769230769231 0.7848557692307693 0.016826923076923076 0.0673076923076923
0 0.8161057692307693 0.7860576923076923 0.019230769230769232 0.0625
0 0.8329326923076923 0.7872596153846154 0.019230769230769232 0.055288461538461536
0 0.8521634615384616 0.7908653846153846 0.019230769230769232 0.0625
0 0.8701923076923077 0.7908653846153846 0.019230769230769232 0.0673076923076923
0 0.4651442307692308 0.9038461538461539 0.02403846153846154 0.07451923076923077
3 0.4831730769230769 0.9122596153846154 0.014423076923076924 0.0673076923076923
0 0.5012019230769231 0.9146634615384616 0.021634615384615384 0.0625
5 0.5192307692307693 0.9170673076923077 0.019230769230769232 0.0673076923076923
5 0.5372596153846154 0.9170673076923077 0.019230769230769232 0.06009615384615385
3 0.5540865384615384 0.9170673076923077 0.019230769230769232 0.07692307692307693
3 0.5721153846153846 0.9206730769230769 0.019230769230769232 0.0625
0 0.5889423076923077 0.921875 0.021634615384615384 0.0625
0 0.6081730769230769 0.9182692307692307 0.019230769230769232 0.0625
0 0.6274038461538461 0.9242788461538461 0.016826923076923076 0.0673076923076923
2 0.6454326923076923 0.9194711538461539 0.019230769230769232 0.0625
4 0.6610576923076923 0.9206730769230769 0.021634615384615384 0.06971153846153846
8 0.6802884615384616 0.9254807692307693 0.02403846153846154 0.07451923076923077