0 0.9350961538461539 0.020432692307692308 0.02403846153846154 0.040865384615384616
1 0.9146634615384616 0.026442307692307692 0.016826923076923076 0.052884615384615384
0 0.8918269230769231 0.021634615384615384 0.019230769230769232 0.04326923076923077
5 0.8689903846153846 0.021634615384615384 0.021634615384615384 0.04326923076923077
5 0.8485576923076923 0.02403846153846154 0.019230769230769232 0.04807692307692308
3 0.8257211538461539 0.02283653846153846 0.016826923076923076 0.04567307692307692
6 0.8052884615384616 0.02403846153846154 0.02403846153846154 0.04807692307692308
0 0.78125 0.02283653846153846 0.019230769230769232 0.04567307692307692
8 0.7620192307692307 0.02283653846153846 0.019230769230769232 0.04567307692307692
9 0.7391826923076923 0.025240384615384616 0.021634615384615384 0.05048076923076923
8 0.71875 0.027644230769230768 0.019230769230769232 0.055288461538461536
2 0.6971153846153846 0.028846153846153848 0.019230769230769232 0.057692307692307696
9 0.6754807692307693 0.028846153846153848 0.016826923076923076 0.055288461538461536
0 0.6646634615384616 0.20552884615384615 0.02403846153846154 0.0673076923076923
1 0.6454326923076923 0.20673076923076922 0.016826923076923076 0.0673076923076923
0 0.6286057692307693 0.20793269230769232 0.021634615384615384 0.0673076923076923
2 0.6105769230769231 0.20552884615384615 0.021634615384615384 0.07451923076923077
0 0.5925480769230769 0.21033653846153846 0.019230769230769232 0.06009615384615385
2 0.8725961538461539 0.6081730769230769 0.016826923076923076 0.0673076923076923
2 0.8557692307692307 0.6081730769230769 0.019230769230769232 0.0625
4 0.8353365384615384 0.6105769230769231 0.016826923076923076 0.0673076923076923
3 0.7163461538461539 0.6201923076923077 0.02403846153846154 0.0673076923076923
3 0.20673076923076922 0.7896634615384616 0.016826923076923076 0.0673076923076923
0 0.18870192307692307 0.7920673076923077 0.021634615384615384 0.0625
0 0.171875 0.7932692307692307 0.019230769230769232 0.055288461538461536
0 0.15384615384615385 0.796875 0.021634615384615384 0.0625
0 0.13581730769230768 0.796875 0.021634615384615384 0.0673076923076923
0 0.5420673076923077 0.9038461538461539 0.026442307692307692 0.07451923076923077
3 0.5240384615384616 0.9110576923076923 0.016826923076923076 0.0673076923076923
0 0.5060096153846154 0.9146634615384616 0.02403846153846154 0.0625
5 0.4879807692307692 0.9170673076923077 0.019230769230769232 0.0673076923076923
5 0.4699519230769231 0.9182692307692307 0.019230769230769232 0.06009615384615385
3 0.453125 0.9182692307692307 0.021634615384615384 0.07692307692307693
3 0.43509615384615385 0.921875 0.019230769230769232 0.0625
0 0.4182692307692308 0.9230769230769231 0.02403846153846154 0.0625
0 0.39903846153846156 0.9206730769230769 0.021634615384615384 0.0625
0 0.3798076923076923 0.9266826923076923 0.016826923076923076 0.0673076923076923
2 0.36177884615384615 0.921875 0.019230769230769232 0.0625
4 0.34615384615384615 0.9230769230769231 0.021634615384615384 0.06971153846153846
8 0.3269230769230769 0.9290865384615384 0.02403846153846154 0.07451923076923077