0 0.07451923076923077 0.016826923076923076 0.02403846153846154 0.03365384615384615
1 0.09615384615384616 0.02283653846153846 0.019230769230769232 0.04567307692307692
0 0.11778846153846154 0.018028846153846152 0.019230769230769232 0.036057692307692304
5 0.13942307692307693 0.019230769230769232 0.02403846153846154 0.038461538461538464
5 0.16105769230769232 0.021634615384615384 0.019230769230769232 0.04326923076923077
3 0.18389423076923078 0.020432692307692308 0.016826923076923076 0.040865384615384616
6 0.20432692307692307 0.021634615384615384 0.02403846153846154 0.04326923076923077
0 0.2283653846153846 0.020432692307692308 0.019230769230769232 0.040865384615384616
8 0.24759615384615385 0.020432692307692308 0.019230769230769232 0.040865384615384616
9 0.2704326923076923 0.02403846153846154 0.021634615384615384 0.04807692307692308
8 0.29086538461538464 0.026442307692307692 0.019230769230769232 0.052884615384615384
2 0.3137019230769231 0.026442307692307692 0.021634615384615384 0.052884615384615384
9 0.33413461538461536 0.027644230769230768 0.019230769230769232 0.055288461538461536
0 0.3401442307692308 0.203125 0.026442307692307692 0.0673076923076923
1 0.359375 0.20432692307692307 0.016826923076923076 0.0673076923076923
0 0.3762019230769231 0.20552884615384615 0.021634615384615384 0.0673076923076923
2 0.3942307692307692 0.203125 0.02403846153846154 0.07451923076923077
0 0.41225961538461536 0.20793269230769232 0.021634615384615384 0.06009615384615385
2 0.125 0.6009615384615384 0.016826923076923076 0.0673076923076923
2 0.14182692307692307 0.6009615384615384 0.021634615384615384 0.0625
4 0.1622596153846154 0.6045673076923077 0.016826923076923076 0.0673076923076923
3 0.28125 0.6165865384615384 0.02403846153846154 0.0673076923076923
3 0.7872596153846154 0.7944711538461539 0.019230769230769232 0.0673076923076923
0 0.8052884615384616 0.796875 0.021634615384615384 0.0625
0 0.8221153846153846 0.7980769230769231 0.021634615384615384 0.055288461538461536
0 0.8413461538461539 0.8028846153846154 0.021634615384615384 0.0625
0 0.859375 0.8028846153846154 0.021634615384615384 0.0673076923076923
0 0.4519230769230769 0.9026442307692307 0.026442307692307692 0.07451923076923077
3 0.46875 0.9110576923076923 0.016826923076923076 0.0673076923076923
0 0.48677884615384615 0.9146634615384616 0.02403846153846154 0.06490384615384616
5 0.5048076923076923 0.9170673076923077 0.021634615384615384 0.0673076923076923
5 0.5228365384615384 0.9182692307692307 0.021634615384615384 0.06009615384615385
3 0.5396634615384616 0.9182692307692307 0.021634615384615384 0.07692307692307693
3 0.5576923076923077 0.9230769230769231 0.021634615384615384 0.0625
0 0.5745192307692307 0.9242788461538461 0.02403846153846154 0.06490384615384616
0 0.59375 0.921875 0.021634615384615384 0.0625
0 0.6117788461538461 0.9278846153846154 0.019230769230769232 0.0673076923076923
2 0.6310096153846154 0.9242788461538461 0.021634615384615384 0.0625
4 0.6466346153846154 0.9254807692307693 0.02403846153846154 0.06971153846153846
8 0.6646634615384616 0.9314903846153846 0.026442307692307692 0.07451923076923077