0 0.9939903846153846 0.13581730769230768 0.007211538461538462 0.05048076923076923
5 0.9819711538461539 0.12740384615384615 0.028846153846153848 0.057692307692307696
5 0.9591346153846154 0.12740384615384615 0.02403846153846154 0.052884615384615384
3 0.9399038461538461 0.11899038461538461 0.021634615384615384 0.052884615384615384
6 0.9182692307692307 0.11658653846153846 0.026442307692307692 0.05048076923076923
0 0.8966346153846154 0.10697115384615384 0.02403846153846154 0.052884615384615384
8 0.8762019230769231 0.1045673076923077 0.02403846153846154 0.04807692307692308
9 0.8533653846153846 0.10096153846153846 0.026442307692307692 0.052884615384615384
8 0.8329326923076923 0.09615384615384616 0.02403846153846154 0.06009615384615385
2 0.8112980769230769 0.09134615384615384 0.026442307692307692 0.06009615384615385
9 0.7908653846153846 0.09014423076923077 0.02403846153846154 0.057692307692307696
0 0.7355769230769231 0.25841346153846156 0.036057692307692304 0.06971153846153846
1 0.7163461538461539 0.2548076923076923 0.026442307692307692 0.0673076923076923
0 0.7007211538461539 0.2512019230769231 0.03125 0.0673076923076923
2 0.6838942307692307 0.2439903846153846 0.03365384615384615 0.07451923076923077
0 0.6646634615384616 0.2439903846153846 0.028846153846153848 0.06009615384615385
2 0.8317307692307693 0.7007211538461539 0.026442307692307692 0.0673076923076923
2 0.8161057692307693 0.6959134615384616 0.028846153846153848 0.06490384615384616
4 0.7956730769230769 0.6935096153846154 0.026442307692307692 0.0673076923076923
3 0.6790865384615384 0.671875 0.03365384615384615 0.06971153846153846
3 0.14182692307692307 0.7043269230769231 0.028846153846153848 0.0673076923076923
0 0.12379807692307693 0.7019230769230769 0.03125 0.06490384615384616
0 0.10817307692307693 0.6983173076923077 0.028846153846153848 0.057692307692307696
0 0.08774038461538461 0.6971153846153846 0.03125 0.06490384615384616
0 0.07091346153846154 0.6923076923076923 0.03125 0.0673076923076923
0 0.4362980769230769 0.9002403846153846 0.036057692307692304 0.07692307692307693
3 0.4170673076923077 0.9038461538461539 0.026442307692307692 0.0673076923076923
0 0.39903846153846156 0.9026442307692307 0.03365384615384615 0.06490384615384616
5 0.38100961538461536 0.9002403846153846 0.03125 0.0673076923076923
5 0.3629807692307692 0.8954326923076923 0.028846153846153848 0.06009615384615385
3 0.3473557692307692 0.8918269230769231 0.03365384615384615 0.07932692307692307
3 0.328125 0.890625 0.028846153846153848 0.06490384615384616
0 0.3125 0.8882211538461539 0.03365384615384615 0.06490384615384616
0 0.2932692307692308 0.8798076923076923 0.03125 0.06490384615384616
0 0.27403846153846156 0.8810096153846154 0.028846153846153848 0.0673076923076923
2 0.25721153846153844 0.8725961538461539 0.028846153846153848 0.06490384615384616
4 0.24158653846153846 0.8689903846153846 0.03125 0.07211538461538461
8 0.22235576923076922 0.8701923076923077 0.036057692307692304 0.07692307692307693