0 0.01201923076923077 0.9206730769230769 0.021634615384615384 0.057692307692307696
1 0.03365384615384615 0.921875 0.016826923076923076 0.052884615384615384
0 0.055288461538461536 0.9206730769230769 0.021634615384615384 0.057692307692307696
5 0.07572115384615384 0.9266826923076923 0.021634615384615384 0.057692307692307696
5 0.09735576923076923 0.9278846153846154 0.019230769230769232 0.0625
3 0.11899038461538461 0.9290865384615384 0.019230769230769232 0.0673076923076923
6 0.140625 0.9278846153846154 0.02403846153846154 0.06490384615384616
0 0.16346153846153846 0.9302884615384616 0.021634615384615384 0.06490384615384616
8 0.18389423076923078 0.9375 0.019230769230769232 0.06009615384615385
9 0.20432692307692307 0.9375 0.019230769230769232 0.055288461538461536
8 0.22596153846153846 0.9387019230769231 0.021634615384615384 0.06009615384615385
2 0.24639423076923078 0.9411057692307693 0.021634615384615384 0.06490384615384616
9 0.2704326923076923 0.9399038461538461 0.02403846153846154 0.06490384615384616
0 0.30408653846153844 0.78125 0.026442307692307692 0.06490384615384616
1 0.32211538461538464 0.7848557692307693 0.019230769230769232 0.07451923076923077
0 0.3389423076923077 0.7884615384615384 0.028846153846153848 0.07211538461538461
2 0.3557692307692308 0.7908653846153846 0.02403846153846154 0.07692307692307693
0 0.375 0.7872596153846154 0.028846153846153848 0.07932692307692307
2 0.16706730769230768 0.3605769230769231 0.02403846153846154 0.07451923076923077
2 0.18509615384615385 0.3629807692307692 0.028846153846153848 0.08173076923076923
4 0.203125 0.36177884615384615 0.02403846153846154 0.07692307692307693
3 0.31850961538461536 0.3737980769230769 0.03365384615384615 0.07451923076923077
3 0.8509615384615384 0.2692307692307692 0.02403846153846154 0.07211538461538461
0 0.8689903846153846 0.2668269230769231 0.02403846153846154 0.07932692307692307
0 0.8870192307692307 0.27283653846153844 0.026442307692307692 0.0889423076923077
0 0.9026442307692307 0.2704326923076923 0.028846153846153848 0.0889423076923077
0 0.9230769230769231 0.27163461538461536 0.028846153846153848 0.07932692307692307
0 0.5420673076923077 0.1045673076923077 0.028846153846153848 0.07451923076923077
3 0.5600961538461539 0.10576923076923077 0.02403846153846154 0.07451923076923077
0 0.578125 0.109375 0.026442307692307692 0.08653846153846154
5 0.5949519230769231 0.109375 0.02403846153846154 0.07451923076923077
5 0.6129807692307693 0.109375 0.028846153846153848 0.08653846153846154
3 0.6298076923076923 0.11177884615384616 0.03125 0.0889423076923077
3 0.6466346153846154 0.11177884615384616 0.026442307692307692 0.07211538461538461
0 0.6646634615384616 0.11538461538461539 0.026442307692307692 0.0889423076923077
0 0.6826923076923077 0.11538461538461539 0.02403846153846154 0.06971153846153846
0 0.7007211538461539 0.11778846153846154 0.028846153846153848 0.07451923076923077
2 0.71875 0.11899038461538461 0.021634615384615384 0.07692307692307693
4 0.7367788461538461 0.1141826923076923 0.02403846153846154 0.08173076923076923
8 0.7548076923076923 0.11538461538461539 0.026442307692307692 0.0889423076923077