0 0.05048076923076923 0.9615384615384616 0.018028846153846152 0.055288461538461536
1 0.07211538461538461 0.9603365384615384 0.01201923076923077 0.051682692307692304
0 0.09375 0.9579326923076923 0.016826923076923076 0.055288461538461536
5 0.1141826923076923 0.9615384615384616 0.016826923076923076 0.055288461538461536
5 0.13581730769230768 0.9615384615384616 0.014423076923076924 0.0625
3 0.15745192307692307 0.9603365384615384 0.014423076923076924 0.06610576923076923
6 0.17908653846153846 0.9579326923076923 0.018028846153846152 0.0625
0 0.20192307692307693 0.9579326923076923 0.016826923076923076 0.0625
8 0.22355769230769232 0.9639423076923077 0.013221153846153846 0.05889423076923077
9 0.2439903846153846 0.9615384615384616 0.014423076923076924 0.055288461538461536
8 0.265625 0.9603365384615384 0.016826923076923076 0.05889423076923077
2 0.2860576923076923 0.9615384615384616 0.016826923076923076 0.0625
9 0.31009615384615385 0.9579326923076923 0.018028846153846152 0.0625
0 0.3293269230769231 0.796875 0.021634615384615384 0.0625
1 0.3473557692307692 0.7992788461538461 0.01201923076923077 0.0733173076923077
0 0.3641826923076923 0.8016826923076923 0.02283653846153846 0.06971153846153846
2 0.38221153846153844 0.8016826923076923 0.016826923076923076 0.07692307692307693
0 0.40024038461538464 0.796875 0.02283653846153846 0.07692307692307693
2 0.15625 0.390625 0.018028846153846152 0.0733173076923077
2 0.17427884615384615 0.390625 0.021634615384615384 0.08052884615384616
4 0.19230769230769232 0.38822115384615385 0.016826923076923076 0.07692307692307693
3 0.3076923076923077 0.390625 0.026442307692307692 0.0733173076923077
3 0.8293269230769231 0.23918269230769232 0.018028846153846152 0.06971153846153846
0 0.8473557692307693 0.23557692307692307 0.018028846153846152 0.07692307692307693
0 0.8653846153846154 0.2403846153846154 0.018028846153846152 0.08774038461538461
0 0.8810096153846154 0.23677884615384615 0.020432692307692308 0.08774038461538461
0 0.9014423076923077 0.23557692307692307 0.021634615384615384 0.07692307692307693
0 0.5072115384615384 0.10216346153846154 0.021634615384615384 0.0733173076923077
3 0.5252403846153846 0.10216346153846154 0.016826923076923076 0.0733173076923077
0 0.5432692307692307 0.1045673076923077 0.018028846153846152 0.08413461538461539
5 0.5600961538461539 0.10216346153846154 0.018028846153846152 0.0733173076923077
5 0.578125 0.10096153846153846 0.020432692307692308 0.08413461538461539
3 0.5949519230769231 0.10216346153846154 0.02283653846153846 0.08774038461538461
3 0.6117788461538461 0.10096153846153846 0.020432692307692308 0.06971153846153846
0 0.6310096153846154 0.10216346153846154 0.018028846153846152 0.08774038461538461
0 0.6490384615384616 0.10096153846153846 0.016826923076923076 0.06971153846153846
0 0.6670673076923077 0.10216346153846154 0.021634615384615384 0.0733173076923077
2 0.6850961538461539 0.10096153846153846 0.014423076923076924 0.07692307692307693
4 0.7019230769230769 0.09495192307692307 0.018028846153846152 0.08052884615384616
8 0.7199519230769231 0.09495192307692307 0.018028846153846152 0.08774038461538461