1 0.008413461538461538 0.8882211538461539 0.016826923076923076 0.055288461538461536
0 0.027644230769230768 0.8882211538461539 0.026442307692307692 0.057692307692307696
5 0.046875 0.8954326923076923 0.026442307692307692 0.057692307692307696
5 0.06850961538461539 0.8990384615384616 0.02403846153846154 0.06490384615384616
3 0.09014423076923077 0.9014423076923077 0.02403846153846154 0.0673076923076923
6 0.11177884615384616 0.9026442307692307 0.026442307692307692 0.06490384615384616
0 0.13341346153846154 0.90625 0.026442307692307692 0.06490384615384616
8 0.15384615384615385 0.9146634615384616 0.021634615384615384 0.06009615384615385
9 0.17548076923076922 0.9158653846153846 0.02403846153846154 0.057692307692307696
8 0.19591346153846154 0.9182692307692307 0.026442307692307692 0.06009615384615385
2 0.21634615384615385 0.921875 0.026442307692307692 0.06490384615384616
9 0.2403846153846154 0.9230769230769231 0.026442307692307692 0.06490384615384616
0 0.2848557692307692 0.7668269230769231 0.03125 0.06490384615384616
1 0.30288461538461536 0.7716346153846154 0.02403846153846154 0.07451923076923077
0 0.31850961538461536 0.7764423076923077 0.03365384615384615 0.07211538461538461
2 0.33653846153846156 0.7800480769230769 0.028846153846153848 0.07932692307692307
0 0.3545673076923077 0.7776442307692307 0.03365384615384615 0.07932692307692307
2 0.1778846153846154 0.33774038461538464 0.028846153846153848 0.07451923076923077
2 0.19591346153846154 0.34134615384615385 0.03365384615384615 0.08173076923076923
4 0.21394230769230768 0.34134615384615385 0.028846153846153848 0.07932692307692307
3 0.3269230769230769 0.36177884615384615 0.038461538461538464 0.07692307692307693
3 0.8665865384615384 0.29447115384615385 0.028846153846153848 0.07211538461538461
0 0.8846153846153846 0.2932692307692308 0.028846153846153848 0.07932692307692307
0 0.9014423076923077 0.3004807692307692 0.03125 0.0889423076923077
0 0.9170673076923077 0.29927884615384615 0.03365384615384615 0.0889423076923077
0 0.9375 0.3016826923076923 0.03365384615384615 0.07932692307692307
0 0.5697115384615384 0.10817307692307693 0.03365384615384615 0.07692307692307693
3 0.5877403846153846 0.11057692307692307 0.028846153846153848 0.07451923076923077
0 0.6045673076923077 0.11658653846153846 0.03125 0.08653846153846154
5 0.6213942307692307 0.11658653846153846 0.028846153846153848 0.07451923076923077
5 0.6394230769230769 0.11778846153846154 0.03365384615384615 0.08653846153846154
3 0.65625 0.12139423076923077 0.036057692307692304 0.09134615384615384
3 0.6730769230769231 0.12379807692307693 0.03125 0.07211538461538461
0 0.6911057692307693 0.12740384615384615 0.03125 0.0889423076923077
0 0.7091346153846154 0.12860576923076922 0.026442307692307692 0.07211538461538461
0 0.7271634615384616 0.13341346153846154 0.03365384615384615 0.07692307692307693
2 0.7451923076923077 0.1346153846153846 0.026442307692307692 0.07932692307692307
4 0.7632211538461539 0.1310096153846154 0.03125 0.08173076923076923
8 0.7800480769230769 0.1346153846153846 0.03125 0.0889423076923077