0 0.9158653846153846 0.9807692307692307 0.02403846153846154 0.03365384615384615
1 0.8954326923076923 0.9795673076923077 0.016826923076923076 0.036057692307692304
0 0.875 0.9771634615384616 0.02403846153846154 0.040865384615384616
5 0.8533653846153846 0.9783653846153846 0.02403846153846154 0.038461538461538464
5 0.8305288461538461 0.9759615384615384 0.021634615384615384 0.04326923076923077
3 0.8112980769230769 0.9735576923076923 0.021634615384615384 0.04807692307692308
6 0.7884615384615384 0.9723557692307693 0.02403846153846154 0.05048076923076923
0 0.7668269230769231 0.9711538461538461 0.02403846153846154 0.052884615384615384
8 0.7451923076923077 0.9747596153846154 0.019230769230769232 0.04567307692307692
9 0.7247596153846154 0.9735576923076923 0.021634615384615384 0.04807692307692308
8 0.7019230769230769 0.9711538461538461 0.02403846153846154 0.052884615384615384
2 0.6826923076923077 0.9699519230769231 0.02403846153846154 0.055288461538461536
9 0.6586538461538461 0.9675480769230769 0.02403846153846154 0.06009615384615385
0 0.6490384615384616 0.8076923076923077 0.026442307692307692 0.06490384615384616
1 0.6310096153846154 0.8088942307692307 0.016826923076923076 0.07451923076923077
0 0.6141826923076923 0.8100961538461539 0.026442307692307692 0.07211538461538461
2 0.5961538461538461 0.8088942307692307 0.021634615384615384 0.07692307692307693
0 0.5793269230769231 0.8028846153846154 0.028846153846153848 0.07932692307692307
2 0.8509615384615384 0.41466346153846156 0.02403846153846154 0.07451923076923077
2 0.8329326923076923 0.41346153846153844 0.026442307692307692 0.08173076923076923
4 0.8149038461538461 0.4098557692307692 0.021634615384615384 0.07692307692307693
3 0.6995192307692307 0.40384615384615385 0.03125 0.07451923076923077
3 0.18990384615384615 0.21634615384615385 0.02403846153846154 0.06971153846153846
0 0.171875 0.21153846153846154 0.02403846153846154 0.07692307692307693
0 0.15384615384615385 0.21514423076923078 0.02403846153846154 0.0889423076923077
0 0.13822115384615385 0.21033653846153846 0.026442307692307692 0.0889423076923077
0 0.11778846153846154 0.20793269230769232 0.026442307692307692 0.07932692307692307
0 0.5204326923076923 0.10216346153846154 0.026442307692307692 0.07451923076923077
3 0.5024038461538461 0.10096153846153846 0.021634615384615384 0.07451923076923077
0 0.484375 0.10216346153846154 0.02403846153846154 0.08413461538461539
5 0.4675480769230769 0.0985576923076923 0.02403846153846154 0.07451923076923077
5 0.4495192307692308 0.09615384615384616 0.026442307692307692 0.08653846153846154
3 0.4326923076923077 0.09615384615384616 0.028846153846153848 0.0889423076923077
3 0.41586538461538464 0.09375 0.026442307692307692 0.07211538461538461
0 0.39663461538461536 0.09375 0.02403846153846154 0.0889423076923077
0 0.3786057692307692 0.09134615384615384 0.021634615384615384 0.06971153846153846
0 0.3605769230769231 0.09134615384615384 0.026442307692307692 0.07451923076923077
2 0.34375 0.0889423076923077 0.019230769230769232 0.07692307692307693
4 0.3269230769230769 0.08173076923076923 0.02403846153846154 0.08173076923076923
8 0.3088942307692308 0.08052884615384616 0.02403846153846154 0.0889423076923077