0 0.01201923076923077 0.13822115384615385 0.02403846153846154 0.06009615384615385
5 0.026442307692307692 0.12860576923076922 0.028846153846153848 0.057692307692307696
5 0.04807692307692308 0.12379807692307693 0.026442307692307692 0.06490384615384616
3 0.06971153846153846 0.12139423076923077 0.028846153846153848 0.0673076923076923
6 0.09134615384615384 0.11899038461538461 0.03125 0.06490384615384616
0 0.11298076923076923 0.1141826923076923 0.028846153846153848 0.06490384615384616
8 0.13341346153846154 0.10336538461538461 0.02403846153846154 0.06009615384615385
9 0.15384615384615385 0.10216346153846154 0.026442307692307692 0.057692307692307696
8 0.17548076923076922 0.0985576923076923 0.028846153846153848 0.06009615384615385
2 0.19471153846153846 0.09254807692307693 0.028846153846153848 0.06490384615384616
9 0.21875 0.09134615384615384 0.03125 0.06490384615384616
0 0.27163461538461536 0.24519230769230768 0.03365384615384615 0.06490384615384616
1 0.28846153846153844 0.23918269230769232 0.026442307692307692 0.07451923076923077
0 0.30408653846153844 0.23317307692307693 0.036057692307692304 0.07211538461538461
2 0.32211538461538464 0.22956730769230768 0.03365384615384615 0.07932692307692307
0 0.3401442307692308 0.23076923076923078 0.038461538461538464 0.07932692307692307
2 0.18629807692307693 0.6778846153846154 0.03365384615384615 0.07451923076923077
2 0.20432692307692307 0.6742788461538461 0.038461538461538464 0.08413461538461539
4 0.22235576923076922 0.6730769230769231 0.03365384615384615 0.07932692307692307
3 0.33413461538461536 0.6466346153846154 0.040865384615384616 0.07692307692307693
3 0.8762019230769231 0.6862980769230769 0.03125 0.07211538461538461
0 0.8942307692307693 0.6862980769230769 0.03365384615384615 0.07932692307692307
0 0.9110576923076923 0.6778846153846154 0.036057692307692304 0.0889423076923077
0 0.9278846153846154 0.6778846153846154 0.038461538461538464 0.0889423076923077
0 0.9471153846153846 0.6754807692307693 0.036057692307692304 0.07932692307692307
0 0.5901442307692307 0.8882211538461539 0.036057692307692304 0.07692307692307693
3 0.6069711538461539 0.8834134615384616 0.03125 0.07451923076923077
0 0.625 0.8774038461538461 0.036057692307692304 0.08653846153846154
5 0.6418269230769231 0.8762019230769231 0.03365384615384615 0.07451923076923077
5 0.6598557692307693 0.8737980769230769 0.038461538461538464 0.08653846153846154
3 0.6754807692307693 0.8689903846153846 0.040865384615384616 0.09134615384615384
3 0.6923076923076923 0.8665865384615384 0.03365384615384615 0.07211538461538461
0 0.7103365384615384 0.8617788461538461 0.036057692307692304 0.0889423076923077
0 0.7283653846153846 0.859375 0.03125 0.07211538461538461
0 0.7463942307692307 0.8545673076923077 0.036057692307692304 0.07692307692307693
2 0.7644230769230769 0.8521634615384616 0.03125 0.07932692307692307
4 0.78125 0.8545673076923077 0.03365384615384615 0.08173076923076923
8 0.7992788461538461 0.8509615384615384 0.036057692307692304 0.0889423076923077