0 0.3293269230769231 0.8617788461538461 0.018028846153846152 0.10817307692307693
1 0.35096153846153844 0.8629807692307693 0.018028846153846152 0.1045673076923077
2 0.3701923076923077 0.8653846153846154 0.01201923076923077 0.11658653846153846
3 0.38822115384615385 0.8713942307692307 0.019230769230769232 0.1045673076923077
3 0.4074519230769231 0.8533653846153846 0.019230769230769232 0.11658653846153846
3 0.42788461538461536 0.8617788461538461 0.018028846153846152 0.10817307692307693
1 0.4483173076923077 0.8653846153846154 0.019230769230769232 0.11658653846153846
3 0.3125 0.6742788461538461 0.02283653846153846 0.1201923076923077
2 0.33413461538461536 0.6706730769230769 0.01201923076923077 0.14423076923076922
2 0.3605769230769231 0.6742788461538461 0.01201923076923077 0.1045673076923077
3 0.3798076923076923 0.6670673076923077 0.018028846153846152 0.09615384615384616
1 0.4098557692307692 0.6670673076923077 0.018028846153846152 0.1201923076923077
4 0.42908653846153844 0.6646634615384616 0.018028846153846152 0.13221153846153846
0 0.44711538461538464 0.6670673076923077 0.021634615384615384 0.12860576923076922
1 0.47115384615384615 0.6670673076923077 0.02283653846153846 0.1201923076923077
5 0.3161057692307692 0.4050480769230769 0.021634615384615384 0.1201923076923077
3 0.34134615384615385 0.4050480769230769 0.02283653846153846 0.12860576923076922
5 0.7319711538461539 0.3737980769230769 0.026442307692307692 0.12860576923076922
2 0.7572115384615384 0.36538461538461536 0.019230769230769232 0.12860576923076922
2 0.7860576923076923 0.375 0.018028846153846152 0.125
3 0.8052884615384616 0.36778846153846156 0.021634615384615384 0.140625
1 0.8365384615384616 0.3713942307692308 0.014423076923076924 0.11658653846153846
4 0.8545673076923077 0.36778846153846156 0.015625 0.09254807692307693
0 0.8737980769230769 0.36778846153846156 0.018028846153846152 0.10096153846153846
1 0.8942307692307693 0.3629807692307692 0.019230769230769232 0.125
2 0.3701923076923077 0.24639423076923078 0.015625 0.11658653846153846
6 0.3894230769230769 0.24879807692307693 0.019230769230769232 0.1201923076923077
3 0.4110576923076923 0.2512019230769231 0.019230769230769232 0.10817307692307693
6 0.43149038461538464 0.24879807692307693 0.018028846153846152 0.1201923076923077
3 0.4495192307692308 0.2403846153846154 0.014423076923076924 0.0889423076923077
5 0.46875 0.24519230769230768 0.018028846153846152 0.09615384615384616
3 0.4879807692307692 0.23918269230769232 0.018028846153846152 0.10817307692307693
7 0.5096153846153846 0.2403846153846154 0.021634615384615384 0.1045673076923077