0 0.890625 0.008413461538461538 0.026442307692307692 0.016826923076923076
1 0.8689903846153846 0.009615384615384616 0.021634615384615384 0.019230769230769232
0 0.8473557692307693 0.013221153846153846 0.026442307692307692 0.026442307692307692
5 0.828125 0.013221153846153846 0.026442307692307692 0.026442307692307692
5 0.8052884615384616 0.015625 0.02403846153846154 0.03125
3 0.7836538461538461 0.018028846153846152 0.02403846153846154 0.036057692307692304
6 0.7644230769230769 0.020432692307692308 0.028846153846153848 0.040865384615384616
0 0.7415865384615384 0.021634615384615384 0.026442307692307692 0.04326923076923077
8 0.7175480769230769 0.019230769230769232 0.021634615384615384 0.038461538461538464
9 0.6995192307692307 0.020432692307692308 0.02403846153846154 0.040865384615384616
8 0.6766826923076923 0.02283653846153846 0.026442307692307692 0.04567307692307692
2 0.6574519230769231 0.025240384615384616 0.026442307692307692 0.05048076923076923
9 0.6322115384615384 0.028846153846153848 0.028846153846153848 0.057692307692307696
0 0.6334134615384616 0.18509615384615385 0.028846153846153848 0.06490384615384616
1 0.6153846153846154 0.18389423076923078 0.021634615384615384 0.07451923076923077
0 0.5985576923076923 0.18389423076923078 0.03125 0.07211538461538461
2 0.5805288461538461 0.18629807692307693 0.026442307692307692 0.07932692307692307
0 0.5625 0.1935096153846154 0.03125 0.07932692307692307
2 0.8545673076923077 0.5661057692307693 0.026442307692307692 0.07451923076923077
2 0.8365384615384616 0.5685096153846154 0.03125 0.08173076923076923
4 0.8185096153846154 0.5733173076923077 0.026442307692307692 0.07932692307692307
3 0.7043269230769231 0.5853365384615384 0.036057692307692304 0.07692307692307693
3 0.20432692307692307 0.7992788461538461 0.026442307692307692 0.07211538461538461
0 0.1875 0.8052884615384616 0.026442307692307692 0.07932692307692307
0 0.16947115384615385 0.8016826923076923 0.028846153846153848 0.0889423076923077
0 0.15384615384615385 0.8076923076923077 0.03125 0.0889423076923077
0 0.13341346153846154 0.8112980769230769 0.03125 0.07932692307692307
0 0.5408653846153846 0.8954326923076923 0.03125 0.07451923076923077
3 0.5228365384615384 0.8978365384615384 0.026442307692307692 0.07451923076923077
0 0.5048076923076923 0.8978365384615384 0.028846153846153848 0.08653846153846154
5 0.4891826923076923 0.9026442307692307 0.026442307692307692 0.07451923076923077
5 0.47115384615384615 0.9050480769230769 0.03125 0.08653846153846154
3 0.4543269230769231 0.90625 0.03365384615384615 0.0889423076923077
3 0.4375 0.9098557692307693 0.028846153846153848 0.07211538461538461
0 0.4182692307692308 0.9110576923076923 0.028846153846153848 0.0889423076923077
0 0.40024038461538464 0.9146634615384616 0.02403846153846154 0.07211538461538461
0 0.38221153846153844 0.9146634615384616 0.03125 0.07451923076923077
2 0.36538461538461536 0.9182692307692307 0.02403846153846154 0.07692307692307693
4 0.3485576923076923 0.9266826923076923 0.028846153846153848 0.08173076923076923
8 0.33052884615384615 0.9290865384615384 0.028846153846153848 0.0889423076923077