0 0.9495192307692307 0.038461538461538464 0.018028846153846152 0.055288461538461536
1 0.9278846153846154 0.039663461538461536 0.01201923076923077 0.051682692307692304
0 0.90625 0.042067307692307696 0.016826923076923076 0.055288461538461536
5 0.8858173076923077 0.038461538461538464 0.016826923076923076 0.055288461538461536
5 0.8641826923076923 0.038461538461538464 0.014423076923076924 0.0625
3 0.8425480769230769 0.039663461538461536 0.014423076923076924 0.06610576923076923
6 0.8209134615384616 0.042067307692307696 0.018028846153846152 0.0625
0 0.7980769230769231 0.042067307692307696 0.016826923076923076 0.0625
8 0.7764423076923077 0.036057692307692304 0.013221153846153846 0.05889423076923077
9 0.7560096153846154 0.038461538461538464 0.014423076923076924 0.055288461538461536
8 0.734375 0.039663461538461536 0.016826923076923076 0.05889423076923077
2 0.7139423076923077 0.038461538461538464 0.016826923076923076 0.0625
9 0.6899038461538461 0.042067307692307696 0.018028846153846152 0.0625
0 0.6706730769230769 0.203125 0.021634615384615384 0.0625
1 0.6526442307692307 0.20072115384615385 0.01201923076923077 0.0733173076923077
0 0.6358173076923077 0.19831730769230768 0.02283653846153846 0.06971153846153846
2 0.6177884615384616 0.19831730769230768 0.016826923076923076 0.07692307692307693
0 0.5997596153846154 0.203125 0.02283653846153846 0.07692307692307693
2 0.84375 0.609375 0.018028846153846152 0.0733173076923077
2 0.8257211538461539 0.609375 0.021634615384615384 0.08052884615384616
4 0.8076923076923077 0.6117788461538461 0.016826923076923076 0.07692307692307693
3 0.6923076923076923 0.609375 0.026442307692307692 0.0733173076923077
3 0.17067307692307693 0.7608173076923077 0.018028846153846152 0.06971153846153846
0 0.15264423076923078 0.7644230769230769 0.018028846153846152 0.07692307692307693
0 0.1346153846153846 0.7596153846153846 0.018028846153846152 0.08774038461538461
0 0.11899038461538461 0.7632211538461539 0.020432692307692308 0.08774038461538461
0 0.0985576923076923 0.7644230769230769 0.021634615384615384 0.07692307692307693
0 0.49278846153846156 0.8978365384615384 0.021634615384615384 0.0733173076923077
3 0.47475961538461536 0.8978365384615384 0.016826923076923076 0.0733173076923077
0 0.4567307692307692 0.8954326923076923 0.018028846153846152 0.08413461538461539
5 0.43990384615384615 0.8978365384615384 0.018028846153846152 0.0733173076923077
5 0.421875 0.8990384615384616 0.020432692307692308 0.08413461538461539
3 0.4050480769230769 0.8978365384615384 0.02283653846153846 0.08774038461538461
3 0.38822115384615385 0.8990384615384616 0.020432692307692308 0.06971153846153846
0 0.36899038461538464 0.8978365384615384 0.018028846153846152 0.08774038461538461
0 0.35096153846153844 0.8990384615384616 0.016826923076923076 0.06971153846153846
0 0.3329326923076923 0.8978365384615384 0.021634615384615384 0.0733173076923077
2 0.31490384615384615 0.8990384615384616 0.014423076923076924 0.07692307692307693
4 0.2980769230769231 0.9050480769230769 0.018028846153846152 0.08052884615384616
8 0.2800480769230769 0.9050480769230769 0.018028846153846152 0.08774038461538461