5 0.7800480769230769 0.008413461538461538 0.026442307692307692 0.016826923076923076
3 0.7572115384615384 0.010817307692307692 0.028846153846153848 0.021634615384615384
6 0.7367788461538461 0.013221153846153846 0.03125 0.026442307692307692
0 0.7139423076923077 0.015625 0.028846153846153848 0.03125
8 0.6911057692307693 0.013221153846153846 0.026442307692307692 0.026442307692307692
9 0.671875 0.015625 0.026442307692307692 0.03125
8 0.6514423076923077 0.019230769230769232 0.028846153846153848 0.038461538461538464
2 0.6322115384615384 0.021634615384615384 0.028846153846153848 0.04326923076923077
9 0.6069711538461539 0.025240384615384616 0.03125 0.05048076923076923
0 0.6165865384615384 0.1778846153846154 0.03125 0.06490384615384616
1 0.5985576923076923 0.17908653846153846 0.02403846153846154 0.07451923076923077
0 0.5817307692307693 0.17908653846153846 0.03365384615384615 0.07211538461538461
2 0.5637019230769231 0.18269230769230768 0.028846153846153848 0.07932692307692307
0 0.546875 0.18990384615384615 0.036057692307692304 0.07932692307692307
2 0.8569711538461539 0.5480769230769231 0.03125 0.07451923076923077
2 0.8401442307692307 0.5516826923076923 0.036057692307692304 0.08413461538461539
4 0.8221153846153846 0.5564903846153846 0.028846153846153848 0.07932692307692307
3 0.7079326923076923 0.5745192307692307 0.038461538461538464 0.07692307692307693
3 0.22115384615384615 0.8137019230769231 0.028846153846153848 0.07211538461538461
0 0.20432692307692307 0.8209134615384616 0.03125 0.07932692307692307
0 0.18509615384615385 0.8197115384615384 0.03365384615384615 0.0889423076923077
0 0.17067307692307693 0.8257211538461539 0.036057692307692304 0.0889423076923077
0 0.1502403846153846 0.8305288461538461 0.03365384615384615 0.07932692307692307
0 0.5625 0.8930288461538461 0.03365384615384615 0.07692307692307693
3 0.5444711538461539 0.8966346153846154 0.028846153846153848 0.07451923076923077
0 0.5264423076923077 0.8966346153846154 0.03125 0.08653846153846154
5 0.5096153846153846 0.9026442307692307 0.03125 0.07451923076923077
5 0.49278846153846156 0.90625 0.03365384615384615 0.08653846153846154
3 0.47596153846153844 0.9086538461538461 0.038461538461538464 0.09134615384615384
3 0.45913461538461536 0.9122596153846154 0.03125 0.07211538461538461
0 0.43990384615384615 0.9146634615384616 0.03365384615384615 0.0889423076923077
0 0.4230769230769231 0.9182692307692307 0.028846153846153848 0.07211538461538461
0 0.4050480769230769 0.9206730769230769 0.03365384615384615 0.07692307692307693
2 0.3870192307692308 0.9254807692307693 0.026442307692307692 0.07932692307692307
4 0.3713942307692308 0.9338942307692307 0.03125 0.08173076923076923
8 0.35336538461538464 0.9375 0.03365384615384615 0.0889423076923077