0 0.9603365384615384 0.9579326923076923 0.020432692307692308 0.0625
1 0.9387019230769231 0.9615384615384616 0.013221153846153846 0.055288461538461536
0 0.9170673076923077 0.9603365384615384 0.021634615384615384 0.06610576923076923
5 0.8930288461538461 0.9603365384615384 0.014423076923076924 0.051682692307692304
5 0.8725961538461539 0.9567307692307693 0.016826923076923076 0.06610576923076923
3 0.8509615384615384 0.9579326923076923 0.016826923076923076 0.0625
6 0.8293269230769231 0.9615384615384616 0.018028846153846152 0.0625
0 0.8076923076923077 0.9567307692307693 0.016826923076923076 0.05889423076923077
8 0.7860576923076923 0.9603365384615384 0.014423076923076924 0.05889423076923077
9 0.765625 0.9579326923076923 0.016826923076923076 0.0625
8 0.7439903846153846 0.9603365384615384 0.013221153846153846 0.051682692307692304
2 0.7223557692307693 0.9579326923076923 0.016826923076923076 0.055288461538461536
9 0.6995192307692307 0.9567307692307693 0.016826923076923076 0.05889423076923077
0 0.6766826923076923 0.7896634615384616 0.018028846153846152 0.06971153846153846
1 0.6586538461538461 0.7860576923076923 0.014423076923076924 0.06971153846153846
0 0.6418269230769231 0.7920673076923077 0.020432692307692308 0.0733173076923077
2 0.6225961538461539 0.7860576923076923 0.016826923076923076 0.06971153846153846
0 0.6045673076923077 0.7920673076923077 0.02283653846153846 0.0733173076923077
2 0.8641826923076923 0.37740384615384615 0.013221153846153846 0.07692307692307693
2 0.8449519230769231 0.3737980769230769 0.018028846153846152 0.07692307692307693
4 0.828125 0.3798076923076923 0.020432692307692308 0.0733173076923077
3 0.7091346153846154 0.38100961538461536 0.016826923076923076 0.06971153846153846
3 0.18990384615384615 0.22956730769230768 0.016826923076923076 0.06610576923076923
0 0.17427884615384615 0.22956730769230768 0.018028846153846152 0.0733173076923077
0 0.15504807692307693 0.22956730769230768 0.018028846153846152 0.0733173076923077
0 0.13822115384615385 0.2247596153846154 0.018028846153846152 0.08413461538461539
0 0.11899038461538461 0.22596153846153846 0.016826923076923076 0.0733173076923077
0 0.5192307692307693 0.09254807692307693 0.02283653846153846 0.07692307692307693
3 0.5 0.09254807692307693 0.018028846153846152 0.08413461538461539
0 0.4807692307692308 0.09134615384615384 0.016826923076923076 0.08052884615384616
5 0.4639423076923077 0.09134615384615384 0.018028846153846152 0.0733173076923077
5 0.4483173076923077 0.09134615384615384 0.016826923076923076 0.0733173076923077
3 0.43028846153846156 0.08774038461538461 0.02283653846153846 0.0733173076923077
3 0.4110576923076923 0.0889423076923077 0.020432692307692308 0.06971153846153846
0 0.39302884615384615 0.09134615384615384 0.020432692307692308 0.0733173076923077
0 0.3737980769230769 0.08413461538461539 0.018028846153846152 0.0733173076923077
0 0.3581730769230769 0.0889423076923077 0.018028846153846152 0.06971153846153846
2 0.33774038461538464 0.08774038461538461 0.020432692307692308 0.0733173076923077
4 0.32091346153846156 0.08413461538461539 0.021634615384615384 0.06610576923076923
8 0.3016826923076923 0.0889423076923077 0.021634615384615384 0.06971153846153846