0 0.039663461538461536 0.042067307692307696 0.020432692307692308 0.0625
1 0.06129807692307692 0.038461538461538464 0.013221153846153846 0.055288461538461536
0 0.0829326923076923 0.039663461538461536 0.021634615384615384 0.06610576923076923
5 0.10697115384615384 0.039663461538461536 0.014423076923076924 0.051682692307692304
5 0.12740384615384615 0.04326923076923077 0.016826923076923076 0.06610576923076923
3 0.14903846153846154 0.042067307692307696 0.016826923076923076 0.0625
6 0.17067307692307693 0.038461538461538464 0.018028846153846152 0.0625
0 0.19230769230769232 0.04326923076923077 0.016826923076923076 0.05889423076923077
8 0.21394230769230768 0.039663461538461536 0.014423076923076924 0.05889423076923077
9 0.234375 0.042067307692307696 0.016826923076923076 0.0625
8 0.25600961538461536 0.039663461538461536 0.013221153846153846 0.051682692307692304
2 0.2776442307692308 0.042067307692307696 0.016826923076923076 0.055288461538461536
9 0.3004807692307692 0.04326923076923077 0.016826923076923076 0.05889423076923077
0 0.3233173076923077 0.21033653846153846 0.018028846153846152 0.06971153846153846
1 0.34134615384615385 0.21394230769230768 0.014423076923076924 0.06971153846153846
0 0.3581730769230769 0.20793269230769232 0.020432692307692308 0.0733173076923077
2 0.37740384615384615 0.21394230769230768 0.016826923076923076 0.06971153846153846
0 0.3954326923076923 0.20793269230769232 0.02283653846153846 0.0733173076923077
2 0.13581730769230768 0.6225961538461539 0.013221153846153846 0.07692307692307693
2 0.15504807692307693 0.6262019230769231 0.018028846153846152 0.07692307692307693
4 0.171875 0.6201923076923077 0.020432692307692308 0.0733173076923077
3 0.29086538461538464 0.6189903846153846 0.016826923076923076 0.06971153846153846
3 0.8100961538461539 0.7704326923076923 0.016826923076923076 0.06610576923076923
0 0.8257211538461539 0.7704326923076923 0.018028846153846152 0.0733173076923077
0 0.8449519230769231 0.7704326923076923 0.018028846153846152 0.0733173076923077
0 0.8617788461538461 0.7752403846153846 0.018028846153846152 0.08413461538461539
0 0.8810096153846154 0.7740384615384616 0.016826923076923076 0.0733173076923077
0 0.4807692307692308 0.9074519230769231 0.02283653846153846 0.07692307692307693
3 0.5 0.9074519230769231 0.018028846153846152 0.08413461538461539
0 0.5192307692307693 0.9086538461538461 0.016826923076923076 0.08052884615384616
5 0.5360576923076923 0.9086538461538461 0.018028846153846152 0.0733173076923077
5 0.5516826923076923 0.9086538461538461 0.016826923076923076 0.0733173076923077
3 0.5697115384615384 0.9122596153846154 0.02283653846153846 0.0733173076923077
3 0.5889423076923077 0.9110576923076923 0.020432692307692308 0.06971153846153846
0 0.6069711538461539 0.9086538461538461 0.020432692307692308 0.0733173076923077
0 0.6262019230769231 0.9158653846153846 0.018028846153846152 0.0733173076923077
0 0.6418269230769231 0.9110576923076923 0.018028846153846152 0.06971153846153846
2 0.6622596153846154 0.9122596153846154 0.020432692307692308 0.0733173076923077
4 0.6790865384615384 0.9158653846153846 0.021634615384615384 0.06610576923076923
8 0.6983173076923077 0.9110576923076923 0.021634615384615384 0.06971153846153846