0 0.004807692307692308 0.9086538461538461 0.009615384615384616 0.0673076923076923
1 0.015625 0.9134615384615384 0.019230769230769232 0.055288461538461536
0 0.037259615384615384 0.9146634615384616 0.028846153846153848 0.0673076923076923
5 0.06129807692307692 0.9170673076923077 0.019230769230769232 0.052884615384615384
5 0.08173076923076923 0.9158653846153846 0.02403846153846154 0.0673076923076923
3 0.10336538461538461 0.9182692307692307 0.02403846153846154 0.06490384615384616
6 0.12379807692307693 0.9242788461538461 0.02403846153846154 0.06490384615384616
0 0.1466346153846154 0.921875 0.02403846153846154 0.06009615384615385
8 0.16706730769230768 0.9278846153846154 0.021634615384615384 0.06009615384615385
9 0.1875 0.9278846153846154 0.02403846153846154 0.06490384615384616
8 0.2091346153846154 0.9326923076923077 0.019230769230769232 0.052884615384615384
2 0.23076923076923078 0.9326923076923077 0.021634615384615384 0.057692307692307696
9 0.2536057692307692 0.9338942307692307 0.02403846153846154 0.06009615384615385
0 0.29447115384615385 0.7692307692307693 0.02403846153846154 0.07211538461538461
1 0.3125 0.7680288461538461 0.021634615384615384 0.06971153846153846
0 0.328125 0.7752403846153846 0.028846153846153848 0.07451923076923077
2 0.3485576923076923 0.7716346153846154 0.02403846153846154 0.07211538461538461
0 0.36538461538461536 0.7800480769230769 0.03125 0.07451923076923077
2 0.1502403846153846 0.3401442307692308 0.021634615384615384 0.07692307692307693
2 0.17067307692307693 0.3389423076923077 0.026442307692307692 0.07932692307692307
4 0.18629807692307693 0.34615384615384615 0.028846153846153848 0.07451923076923077
3 0.30408653846153844 0.359375 0.02403846153846154 0.07211538461538461
3 0.8365384615384616 0.26322115384615385 0.02403846153846154 0.0673076923076923
0 0.8521634615384616 0.265625 0.026442307692307692 0.07451923076923077
0 0.8713942307692307 0.2668269230769231 0.026442307692307692 0.07451923076923077
0 0.8882211538461539 0.2644230769230769 0.026442307692307692 0.08653846153846154
0 0.9074519230769231 0.2668269230769231 0.02403846153846154 0.07451923076923077
0 0.5240384615384616 0.09254807692307693 0.03125 0.07932692307692307
3 0.5420673076923077 0.09495192307692307 0.026442307692307692 0.08653846153846154
0 0.5612980769230769 0.09615384615384616 0.02403846153846154 0.08173076923076923
5 0.578125 0.09735576923076923 0.026442307692307692 0.07451923076923077
5 0.59375 0.0985576923076923 0.02403846153846154 0.07451923076923077
3 0.6129807692307693 0.09735576923076923 0.03125 0.07451923076923077
3 0.6310096153846154 0.10096153846153846 0.026442307692307692 0.07211538461538461
0 0.6490384615384616 0.1045673076923077 0.028846153846153848 0.07451923076923077
0 0.6694711538461539 0.09975961538461539 0.026442307692307692 0.07451923076923077
0 0.6838942307692307 0.10576923076923077 0.02403846153846154 0.07211538461538461
2 0.7043269230769231 0.10697115384615384 0.028846153846153848 0.07451923076923077
4 0.7211538461538461 0.1045673076923077 0.028846153846153848 0.0673076923076923
8 0.7403846153846154 0.11177884615384616 0.028846153846153848 0.07211538461538461