0 0.08173076923076923 0.019230769230769232 0.028846153846153848 0.038461538461538464
1 0.10336538461538461 0.015625 0.019230769230769232 0.03125
0 0.125 0.020432692307692308 0.028846153846153848 0.040865384615384616
5 0.1502403846153846 0.018028846153846152 0.021634615384615384 0.036057692307692304
5 0.16826923076923078 0.02403846153846154 0.02403846153846154 0.04807692307692308
3 0.18990384615384615 0.02403846153846154 0.02403846153846154 0.04807692307692308
6 0.2127403846153846 0.02283653846153846 0.026442307692307692 0.04567307692307692
0 0.23317307692307693 0.025240384615384616 0.02403846153846154 0.05048076923076923
8 0.25600961538461536 0.02403846153846154 0.021634615384615384 0.04807692307692308
9 0.2764423076923077 0.027644230769230768 0.02403846153846154 0.055288461538461536
8 0.2980769230769231 0.02403846153846154 0.019230769230769232 0.04807692307692308
2 0.31971153846153844 0.027644230769230768 0.02403846153846154 0.055288461538461536
9 0.34134615384615385 0.030048076923076924 0.02403846153846154 0.06009615384615385
0 0.34975961538461536 0.19591346153846154 0.02403846153846154 0.07211538461538461
1 0.36658653846153844 0.20072115384615385 0.021634615384615384 0.06971153846153846
0 0.38461538461538464 0.1971153846153846 0.026442307692307692 0.07451923076923077
2 0.4026442307692308 0.20432692307692307 0.02403846153846154 0.06971153846153846
0 0.421875 0.19951923076923078 0.028846153846153848 0.07451923076923077
2 0.12620192307692307 0.5901442307692307 0.019230769230769232 0.07692307692307693
2 0.14543269230769232 0.5961538461538461 0.02403846153846154 0.07932692307692307
4 0.1622596153846154 0.5913461538461539 0.026442307692307692 0.07451923076923077
3 0.28125 0.5997596153846154 0.02403846153846154 0.06971153846153846
3 0.7848557692307693 0.796875 0.021634615384615384 0.0673076923076923
0 0.8004807692307693 0.7980769230769231 0.02403846153846154 0.07451923076923077
0 0.8197115384615384 0.7992788461538461 0.02403846153846154 0.07451923076923077
0 0.8365384615384616 0.8052884615384616 0.026442307692307692 0.08653846153846154
0 0.8557692307692307 0.8064903846153846 0.02403846153846154 0.07451923076923077
0 0.44591346153846156 0.9038461538461539 0.028846153846153848 0.07932692307692307
3 0.4639423076923077 0.90625 0.026442307692307692 0.08653846153846154
0 0.4831730769230769 0.9086538461538461 0.02403846153846154 0.08173076923076923
5 0.5 0.9098557692307693 0.02403846153846154 0.07451923076923077
5 0.515625 0.9110576923076923 0.02403846153846154 0.07451923076923077
3 0.5336538461538461 0.9170673076923077 0.028846153846153848 0.07451923076923077
3 0.5528846153846154 0.9170673076923077 0.026442307692307692 0.07211538461538461
0 0.5709134615384616 0.9158653846153846 0.026442307692307692 0.07451923076923077
0 0.5889423076923077 0.9254807692307693 0.02403846153846154 0.07451923076923077
0 0.6057692307692307 0.921875 0.02403846153846154 0.07211538461538461
2 0.6262019230769231 0.9242788461538461 0.026442307692307692 0.07451923076923077
4 0.6418269230769231 0.9302884615384616 0.026442307692307692 0.0673076923076923
8 0.6622596153846154 0.9266826923076923 0.026442307692307692 0.07211538461538461