0 0.6754807692307693 0.8569711538461539 0.021634615384615384 0.10096153846153846
1 0.65625 0.859375 0.018028846153846152 0.0889423076923077
2 0.6370192307692307 0.8533653846153846 0.015625 0.11658653846153846
3 0.6189903846153846 0.8617788461538461 0.015625 0.10817307692307693
3 0.5997596153846154 0.8569711538461539 0.015625 0.10817307692307693
3 0.5805288461538461 0.8509615384615384 0.021634615384615384 0.1201923076923077
5 0.5600961538461539 0.8557692307692307 0.015625 0.11298076923076923
3 0.7019230769230769 0.6646634615384616 0.02283653846153846 0.10096153846153846
2 0.6838942307692307 0.6646634615384616 0.015625 0.10096153846153846
2 0.6526442307692307 0.6622596153846154 0.014423076923076924 0.09615384615384616
3 0.6334134615384616 0.6550480769230769 0.019230769230769232 0.11298076923076923
1 0.6021634615384616 0.6646634615384616 0.018028846153846152 0.09254807692307693
4 0.5841346153846154 0.6646634615384616 0.015625 0.11658653846153846
0 0.5649038461538461 0.6526442307692307 0.018028846153846152 0.10817307692307693
1 0.5444711538461539 0.65625 0.019230769230769232 0.11658653846153846
5 0.703125 0.4074519230769231 0.019230769230769232 0.11658653846153846
3 0.6790865384615384 0.4110576923076923 0.025240384615384616 0.10817307692307693
2 0.6526442307692307 0.24278846153846154 0.014423076923076924 0.09254807692307693
6 0.6322115384615384 0.24639423076923078 0.018028846153846152 0.10817307692307693
3 0.6129807692307693 0.24879807692307693 0.018028846153846152 0.1045673076923077
6 0.5949519230769231 0.2536057692307692 0.015625 0.09615384615384616
3 0.5745192307692307 0.24639423076923078 0.019230769230769232 0.10096153846153846
9 0.5552884615384616 0.24639423076923078 0.015625 0.09254807692307693
7 0.5348557692307693 0.24639423076923078 0.021634615384615384 0.08413461538461539
5 0.515625 0.23317307692307693 0.015625 0.09615384615384616
5 0.28846153846153844 0.36778846153846156 0.021634615384615384 0.10096153846153846
2 0.2692307692307692 0.36778846153846156 0.014423076923076924 0.11658653846153846
2 0.23798076923076922 0.36538461538461536 0.01201923076923077 0.09615384615384616
3 0.21995192307692307 0.3629807692307692 0.015625 0.10096153846153846
1 0.19110576923076922 0.3629807692307692 0.019230769230769232 0.10096153846153846
4 0.17067307692307693 0.3629807692307692 0.018028846153846152 0.11658653846153846
0 0.15384615384615385 0.35697115384615385 0.015625 0.13701923076923078
1 0.13221153846153846 0.36177884615384615 0.015625 0.11298076923076923