0 0.9026442307692307 0.9879807692307693 0.03125 0.019230769230769232
1 0.8786057692307693 0.9903846153846154 0.021634615384615384 0.014423076923076924
0 0.859375 0.9855769230769231 0.03125 0.02403846153846154
5 0.8341346153846154 0.9879807692307693 0.02403846153846154 0.019230769230769232
5 0.8137019230769231 0.9807692307692307 0.026442307692307692 0.03365384615384615
3 0.7920673076923077 0.9807692307692307 0.026442307692307692 0.03365384615384615
6 0.7716346153846154 0.9819711538461539 0.028846153846153848 0.03125
0 0.7512019230769231 0.9783653846153846 0.026442307692307692 0.038461538461538464
8 0.7283653846153846 0.9795673076923077 0.02403846153846154 0.036057692307692304
9 0.7079326923076923 0.9759615384615384 0.026442307692307692 0.04326923076923077
8 0.6862980769230769 0.9783653846153846 0.021634615384615384 0.038461538461538464
2 0.6646634615384616 0.9747596153846154 0.026442307692307692 0.04567307692307692
9 0.6430288461538461 0.9723557692307693 0.026442307692307692 0.05048076923076923
0 0.640625 0.8088942307692307 0.026442307692307692 0.07211538461538461
1 0.6225961538461539 0.8028846153846154 0.021634615384615384 0.07211538461538461
0 0.6057692307692307 0.8076923076923077 0.028846153846153848 0.07451923076923077
2 0.5865384615384616 0.7992788461538461 0.02403846153846154 0.07211538461538461
0 0.5685096153846154 0.8028846153846154 0.03125 0.07451923076923077
2 0.8762019230769231 0.4230769230769231 0.021634615384615384 0.07692307692307693
2 0.8581730769230769 0.4170673076923077 0.026442307692307692 0.07932692307692307
4 0.8401442307692307 0.4206730769230769 0.028846153846153848 0.07451923076923077
3 0.7223557692307693 0.4074519230769231 0.02403846153846154 0.07211538461538461
3 0.2247596153846154 0.1935096153846154 0.02403846153846154 0.0673076923076923
0 0.2091346153846154 0.19230769230769232 0.026442307692307692 0.07451923076923077
0 0.19110576923076922 0.18990384615384615 0.026442307692307692 0.07451923076923077
0 0.17427884615384615 0.18269230769230768 0.028846153846153848 0.08653846153846154
0 0.15504807692307693 0.1814903846153846 0.026442307692307692 0.07451923076923077
0 0.5685096153846154 0.09735576923076923 0.03125 0.07932692307692307
3 0.5492788461538461 0.09615384615384616 0.028846153846153848 0.08653846153846154
0 0.53125 0.09254807692307693 0.026442307692307692 0.08173076923076923
5 0.5144230769230769 0.09014423076923077 0.026442307692307692 0.07451923076923077
5 0.4987980769230769 0.08774038461538461 0.026442307692307692 0.07451923076923077
3 0.4807692307692308 0.08173076923076923 0.03125 0.07451923076923077
3 0.46153846153846156 0.08173076923076923 0.028846153846153848 0.07211538461538461
0 0.44350961538461536 0.08173076923076923 0.028846153846153848 0.07451923076923077
0 0.4254807692307692 0.07211538461538461 0.026442307692307692 0.07451923076923077
0 0.4098557692307692 0.07451923076923077 0.026442307692307692 0.07211538461538461
2 0.3894230769230769 0.07091346153846154 0.028846153846153848 0.07451923076923077
4 0.37259615384615385 0.06490384615384616 0.028846153846153848 0.0673076923076923
8 0.35336538461538464 0.0673076923076923 0.028846153846153848 0.07211538461538461