3 0.7487980769230769 0.007211538461538462 0.03125 0.014423076923076924
6 0.7259615384615384 0.007211538461538462 0.03365384615384615 0.014423076923076924
0 0.7055288461538461 0.010817307692307692 0.03125 0.021634615384615384
8 0.6850961538461539 0.010817307692307692 0.028846153846153848 0.021634615384615384
9 0.6646634615384616 0.015625 0.03125 0.03125
8 0.6430288461538461 0.013221153846153846 0.026442307692307692 0.026442307692307692
2 0.6237980769230769 0.018028846153846152 0.03125 0.036057692307692304
9 0.5997596153846154 0.021634615384615384 0.03125 0.04326923076923077
0 0.6129807692307693 0.18028846153846154 0.03125 0.07211538461538461
1 0.5961538461538461 0.1875 0.028846153846153848 0.07211538461538461
0 0.578125 0.18509615384615385 0.036057692307692304 0.07692307692307693
2 0.5600961538461539 0.19471153846153846 0.03125 0.07211538461538461
0 0.5420673076923077 0.19230769230769232 0.038461538461538464 0.07692307692307693
2 0.8822115384615384 0.5444711538461539 0.028846153846153848 0.07692307692307693
2 0.8641826923076923 0.5516826923076923 0.03365384615384615 0.07932692307692307
4 0.8461538461538461 0.5492788461538461 0.036057692307692304 0.07692307692307693
3 0.7295673076923077 0.5733173076923077 0.03125 0.07211538461538461
3 0.25240384615384615 0.8293269230769231 0.03125 0.0673076923076923
0 0.23798076923076922 0.8317307692307693 0.03365384615384615 0.07451923076923077
0 0.21875 0.8365384615384616 0.03365384615384615 0.07451923076923077
0 0.203125 0.8449519230769231 0.036057692307692304 0.08653846153846154
0 0.18389423076923078 0.8473557692307693 0.03125 0.07451923076923077
0 0.6033653846153846 0.8942307692307693 0.038461538461538464 0.07932692307692307
3 0.5841346153846154 0.8990384615384616 0.036057692307692304 0.08653846153846154
0 0.5661057692307693 0.9038461538461539 0.03365384615384615 0.08173076923076923
5 0.5492788461538461 0.9074519230769231 0.03365384615384615 0.07451923076923077
5 0.5348557692307693 0.9110576923076923 0.03125 0.07451923076923077
3 0.5180288461538461 0.9182692307692307 0.038461538461538464 0.07692307692307693
3 0.4987980769230769 0.9206730769230769 0.03365384615384615 0.07211538461538461
0 0.4807692307692308 0.921875 0.036057692307692304 0.07692307692307693
0 0.46274038461538464 0.9326923076923077 0.03365384615384615 0.07451923076923077
0 0.44711538461538464 0.9314903846153846 0.03125 0.07211538461538461
2 0.4266826923076923 0.9375 0.036057692307692304 0.07692307692307693
4 0.4110576923076923 0.9435096153846154 0.036057692307692304 0.06971153846153846
8 0.3918269230769231 0.9435096153846154 0.036057692307692304 0.07211538461538461