0 0.09975961538461539 0.9879807692307693 0.03125 0.019230769230769232
1 0.12139423076923077 0.9903846153846154 0.021634615384615384 0.014423076923076924
0 0.14302884615384615 0.9855769230769231 0.03125 0.02403846153846154
5 0.1658653846153846 0.9879807692307693 0.02403846153846154 0.019230769230769232
5 0.18629807692307693 0.9807692307692307 0.026442307692307692 0.03365384615384615
3 0.20793269230769232 0.9807692307692307 0.026442307692307692 0.03365384615384615
6 0.23076923076923078 0.9819711538461539 0.028846153846153848 0.03125
0 0.2512019230769231 0.9783653846153846 0.026442307692307692 0.038461538461538464
8 0.27163461538461536 0.9795673076923077 0.02403846153846154 0.036057692307692304
9 0.2920673076923077 0.9759615384615384 0.026442307692307692 0.04326923076923077
8 0.3137019230769231 0.9783653846153846 0.021634615384615384 0.038461538461538464
2 0.33533653846153844 0.9747596153846154 0.026442307692307692 0.04567307692307692
9 0.359375 0.9723557692307693 0.026442307692307692 0.05048076923076923
0 0.359375 0.8088942307692307 0.026442307692307692 0.07211538461538461
1 0.37740384615384615 0.8028846153846154 0.021634615384615384 0.07211538461538461
0 0.3942307692307692 0.8076923076923077 0.028846153846153848 0.07451923076923077
2 0.41346153846153844 0.7992788461538461 0.02403846153846154 0.07211538461538461
0 0.43149038461538464 0.8028846153846154 0.03125 0.07451923076923077
2 0.12379807692307693 0.4230769230769231 0.021634615384615384 0.07692307692307693
2 0.14182692307692307 0.4170673076923077 0.026442307692307692 0.07932692307692307
4 0.15985576923076922 0.4206730769230769 0.028846153846153848 0.07451923076923077
3 0.2776442307692308 0.4074519230769231 0.02403846153846154 0.07211538461538461
3 0.7752403846153846 0.1935096153846154 0.02403846153846154 0.0673076923076923
0 0.7908653846153846 0.19230769230769232 0.026442307692307692 0.07451923076923077
0 0.8088942307692307 0.18990384615384615 0.026442307692307692 0.07451923076923077
0 0.8257211538461539 0.18269230769230768 0.028846153846153848 0.08653846153846154
0 0.8449519230769231 0.1814903846153846 0.026442307692307692 0.07451923076923077
0 0.43149038461538464 0.09735576923076923 0.03125 0.07932692307692307
3 0.45072115384615385 0.09615384615384616 0.028846153846153848 0.08653846153846154
0 0.46875 0.09254807692307693 0.026442307692307692 0.08173076923076923
5 0.4855769230769231 0.09014423076923077 0.026442307692307692 0.07451923076923077
5 0.5012019230769231 0.08774038461538461 0.026442307692307692 0.07451923076923077
3 0.5192307692307693 0.08173076923076923 0.03125 0.07451923076923077
3 0.5384615384615384 0.08173076923076923 0.028846153846153848 0.07211538461538461
0 0.5564903846153846 0.08173076923076923 0.028846153846153848 0.07451923076923077
0 0.5745192307692307 0.07211538461538461 0.026442307692307692 0.07451923076923077
0 0.5901442307692307 0.07451923076923077 0.026442307692307692 0.07211538461538461
2 0.6105769230769231 0.07091346153846154 0.028846153846153848 0.07451923076923077
4 0.6274038461538461 0.06490384615384616 0.028846153846153848 0.0673076923076923
8 0.6466346153846154 0.0673076923076923 0.028846153846153848 0.07211538461538461