0 0.04927884615384615 0.9711538461538461 0.021634615384615384 0.052884615384615384
1 0.06971153846153846 0.96875 0.009615384615384616 0.055288461538461536
0 0.09495192307692307 0.96875 0.021634615384615384 0.057692307692307696
5 0.11298076923076923 0.9675480769230769 0.019230769230769232 0.06009615384615385
5 0.13581730769230768 0.9663461538461539 0.016826923076923076 0.052884615384615384
3 0.15625 0.9675480769230769 0.014423076923076924 0.055288461538461536
6 0.1778846153846154 0.9663461538461539 0.014423076923076924 0.052884615384615384
0 0.20072115384615385 0.9663461538461539 0.019230769230769232 0.04807692307692308
8 0.22115384615384615 0.9651442307692307 0.014423076923076924 0.06009615384615385
9 0.24519230769230768 0.9651442307692307 0.016826923076923076 0.052884615384615384
8 0.2668269230769231 0.9639423076923077 0.016826923076923076 0.06009615384615385
2 0.28725961538461536 0.9651442307692307 0.014423076923076924 0.055288461538461536
9 0.3088942307692308 0.9639423076923077 0.016826923076923076 0.052884615384615384
0 0.3269230769230769 0.7824519230769231 0.021634615384615384 0.06971153846153846
1 0.3449519230769231 0.7800480769230769 0.014423076923076924 0.0673076923076923
0 0.3605769230769231 0.7836538461538461 0.019230769230769232 0.0673076923076923
2 0.38100961538461536 0.78125 0.019230769230769232 0.0625
0 0.39783653846153844 0.78125 0.021634615384615384 0.06971153846153846
2 0.13341346153846154 0.3762019230769231 0.019230769230769232 0.0625
2 0.15264423076923078 0.37259615384615385 0.014423076923076924 0.0625
4 0.17067307692307693 0.37259615384615385 0.02403846153846154 0.06971153846153846
3 0.28966346153846156 0.36658653846153844 0.021634615384615384 0.08413461538461539
3 0.8040865384615384 0.21394230769230768 0.019230769230769232 0.07451923076923077
0 0.8221153846153846 0.21514423076923078 0.019230769230769232 0.06971153846153846
0 0.8413461538461539 0.2127403846153846 0.019230769230769232 0.07451923076923077
0 0.8605769230769231 0.2091346153846154 0.016826923076923076 0.08173076923076923
0 0.8774038461538461 0.21394230769230768 0.021634615384615384 0.07692307692307693
0 0.47596153846153844 0.08533653846153846 0.02403846153846154 0.0625
3 0.49399038461538464 0.08052884615384616 0.019230769230769232 0.07451923076923077
0 0.5132211538461539 0.08052884615384616 0.019230769230769232 0.0673076923076923
5 0.5288461538461539 0.078125 0.019230769230769232 0.07692307692307693
5 0.5480769230769231 0.07692307692307693 0.021634615384615384 0.07692307692307693
3 0.5625 0.08052884615384616 0.021634615384615384 0.06971153846153846
3 0.5817307692307693 0.07692307692307693 0.019230769230769232 0.07692307692307693
0 0.5997596153846154 0.078125 0.02403846153846154 0.07451923076923077
0 0.6189903846153846 0.07451923076923077 0.019230769230769232 0.07451923076923077
0 0.6370192307692307 0.07572115384615384 0.021634615384615384 0.07692307692307693
2 0.6550480769230769 0.07451923076923077 0.019230769230769232 0.07451923076923077
4 0.6694711538461539 0.07692307692307693 0.019230769230769232 0.07451923076923077
8 0.6911057692307693 0.07451923076923077 0.02403846153846154 0.07692307692307693