1 0.006009615384615385 0.8966346153846154 0.01201923076923077 0.057692307692307696
0 0.025240384615384616 0.9014423076923077 0.026442307692307692 0.06009615384615385
5 0.04447115384615385 0.9002403846153846 0.026442307692307692 0.06009615384615385
5 0.0673076923076923 0.9038461538461539 0.02403846153846154 0.052884615384615384
3 0.08653846153846154 0.9074519230769231 0.021634615384615384 0.057692307692307696
6 0.10817307692307693 0.9098557692307693 0.021634615384615384 0.052884615384615384
0 0.1310096153846154 0.9146634615384616 0.02403846153846154 0.04807692307692308
8 0.15144230769230768 0.9158653846153846 0.021634615384615384 0.06009615384615385
9 0.17548076923076922 0.9194711538461539 0.02403846153846154 0.052884615384615384
8 0.1971153846153846 0.921875 0.02403846153846154 0.06009615384615385
2 0.21634615384615385 0.9266826923076923 0.021634615384615384 0.057692307692307696
9 0.23798076923076922 0.9278846153846154 0.02403846153846154 0.052884615384615384
0 0.2848557692307692 0.7512019230769231 0.028846153846153848 0.07211538461538461
1 0.30288461538461536 0.7524038461538461 0.021634615384615384 0.0673076923076923
0 0.31850961538461536 0.7584134615384616 0.026442307692307692 0.0673076923076923
2 0.3389423076923077 0.7584134615384616 0.026442307692307692 0.06490384615384616
0 0.3557692307692308 0.7608173076923077 0.028846153846153848 0.07211538461538461
2 0.15745192307692307 0.32091346153846156 0.026442307692307692 0.06490384615384616
2 0.17668269230769232 0.31971153846153844 0.02403846153846154 0.06490384615384616
4 0.19471153846153846 0.32211538461538464 0.03125 0.07211538461538461
3 0.3137019230769231 0.33533653846153844 0.03125 0.08653846153846154
3 0.8449519230769231 0.2644230769230769 0.028846153846153848 0.07451923076923077
0 0.8629807692307693 0.2692307692307692 0.026442307692307692 0.07211538461538461
0 0.8822115384615384 0.2692307692307692 0.026442307692307692 0.07451923076923077
0 0.9014423076923077 0.2692307692307692 0.026442307692307692 0.08173076923076923
0 0.9170673076923077 0.2776442307692308 0.03125 0.07932692307692307
0 0.5408653846153846 0.08653846153846154 0.03125 0.06490384615384616
3 0.5600961538461539 0.08533653846153846 0.026442307692307692 0.07451923076923077
0 0.578125 0.08774038461538461 0.026442307692307692 0.0673076923076923
5 0.5949519230769231 0.08774038461538461 0.026442307692307692 0.07932692307692307
5 0.6129807692307693 0.09014423076923077 0.03125 0.07932692307692307
3 0.6274038461538461 0.09495192307692307 0.028846153846153848 0.07211538461538461
3 0.6466346153846154 0.09495192307692307 0.026442307692307692 0.07932692307692307
0 0.6646634615384616 0.09975961538461539 0.03125 0.07451923076923077
0 0.6838942307692307 0.0985576923076923 0.028846153846153848 0.07451923076923077
0 0.7019230769230769 0.10216346153846154 0.03125 0.07932692307692307
2 0.7199519230769231 0.10336538461538461 0.028846153846153848 0.07451923076923077
4 0.7331730769230769 0.109375 0.028846153846153848 0.07451923076923077
8 0.7548076923076923 0.109375 0.03125 0.07932692307692307