0 0.6766826923076923 0.1502403846153846 0.019230769230769232 0.10817307692307693
1 0.6574519230769231 0.1502403846153846 0.018028846153846152 0.11658653846153846
2 0.6394230769230769 0.15264423076923078 0.01201923076923077 0.09615384615384616
3 0.6189903846153846 0.15625 0.019230769230769232 0.11298076923076923
3 0.5985576923076923 0.1466346153846154 0.018028846153846152 0.125
3 0.5793269230769231 0.15625 0.018028846153846152 0.12860576923076922
9 0.5600961538461539 0.16105769230769232 0.021634615384615384 0.12860576923076922
3 0.703125 0.35697115384615385 0.026442307692307692 0.1201923076923077
2 0.6814903846153846 0.3557692307692308 0.014423076923076924 0.125
2 0.6514423076923077 0.3629807692307692 0.015625 0.125
3 0.6346153846153846 0.35336538461538464 0.014423076923076924 0.12860576923076922
1 0.6045673076923077 0.3557692307692308 0.021634615384615384 0.11658653846153846
4 0.5865384615384616 0.35336538461538464 0.014423076923076924 0.1201923076923077
0 0.5661057692307693 0.34975961538461536 0.019230769230769232 0.1201923076923077
1 0.5432692307692307 0.35336538461538464 0.021634615384615384 0.13701923076923078
5 0.7055288461538461 0.6069711538461539 0.02283653846153846 0.1045673076923077
3 0.6838942307692307 0.6129807692307693 0.015625 0.11658653846153846
2 0.6538461538461539 0.7608173076923077 0.018028846153846152 0.10096153846153846
6 0.6322115384615384 0.7632211538461539 0.015625 0.1201923076923077
3 0.6141826923076923 0.765625 0.015625 0.125
7 0.5949519230769231 0.7632211538461539 0.015625 0.13701923076923078
3 0.5769230769230769 0.7692307692307693 0.02283653846153846 0.11658653846153846
1 0.5564903846153846 0.765625 0.014423076923076924 0.10817307692307693
0 0.5384615384615384 0.7608173076923077 0.018028846153846152 0.11658653846153846
7 0.515625 0.7776442307692307 0.019230769230769232 0.125
5 0.2932692307692308 0.6490384615384616 0.026442307692307692 0.10817307692307693
2 0.2704326923076923 0.6490384615384616 0.015625 0.125
2 0.23918269230769232 0.6442307692307693 0.014423076923076924 0.10096153846153846
3 0.21875 0.6502403846153846 0.018028846153846152 0.1201923076923077
1 0.18990384615384615 0.6502403846153846 0.015625 0.11298076923076923
4 0.17307692307692307 0.6550480769230769 0.018028846153846152 0.1201923076923077
0 0.15264423076923078 0.6550480769230769 0.019230769230769232 0.1201923076923077
1 0.13221153846153846 0.65625 0.019230769230769232 0.11658653846153846