0 0.9591346153846154 0.9651442307692307 0.018028846153846152 0.055288461538461536
1 0.9387019230769231 0.9615384615384616 0.009615384615384616 0.055288461538461536
0 0.9146634615384616 0.9639423076923077 0.018028846153846152 0.05889423076923077
5 0.8954326923076923 0.9603365384615384 0.018028846153846152 0.05889423076923077
5 0.8725961538461539 0.9603365384615384 0.016826923076923076 0.051682692307692304
3 0.8521634615384616 0.9615384615384616 0.014423076923076924 0.055288461538461536
6 0.8305288461538461 0.9603365384615384 0.014423076923076924 0.051682692307692304
0 0.8076923076923077 0.9615384615384616 0.018028846153846152 0.046875
8 0.7872596153846154 0.9603365384615384 0.013221153846153846 0.05889423076923077
9 0.7632211538461539 0.9603365384615384 0.016826923076923076 0.051682692307692304
8 0.7415865384615384 0.9603365384615384 0.016826923076923076 0.05889423076923077
2 0.7211538461538461 0.9615384615384616 0.014423076923076924 0.055288461538461536
9 0.6995192307692307 0.9603365384615384 0.016826923076923076 0.051682692307692304
0 0.6778846153846154 0.7788461538461539 0.020432692307692308 0.06971153846153846
1 0.6598557692307693 0.7776442307692307 0.013221153846153846 0.06610576923076923
0 0.6442307692307693 0.78125 0.018028846153846152 0.06610576923076923
2 0.6237980769230769 0.7788461538461539 0.018028846153846152 0.0625
0 0.6069711538461539 0.7788461538461539 0.020432692307692308 0.06971153846153846
2 0.8641826923076923 0.3701923076923077 0.018028846153846152 0.0625
2 0.8449519230769231 0.36658653846153844 0.014423076923076924 0.0625
4 0.8269230769230769 0.36658653846153844 0.021634615384615384 0.06971153846153846
3 0.7079326923076923 0.3629807692307692 0.020432692307692308 0.08413461538461539
3 0.19110576923076922 0.21875 0.018028846153846152 0.0733173076923077
0 0.17307692307692307 0.22115384615384615 0.018028846153846152 0.06971153846153846
0 0.15384615384615385 0.21875 0.016826923076923076 0.0733173076923077
0 0.1346153846153846 0.21514423076923078 0.014423076923076924 0.08052884615384616
0 0.11778846153846154 0.22115384615384615 0.020432692307692308 0.07692307692307693
0 0.5168269230769231 0.08533653846153846 0.02283653846153846 0.0625
3 0.4987980769230769 0.08052884615384616 0.016826923076923076 0.0733173076923077
0 0.4795673076923077 0.08052884615384616 0.018028846153846152 0.06610576923076923
5 0.4639423076923077 0.078125 0.016826923076923076 0.07692307692307693
5 0.44471153846153844 0.078125 0.020432692307692308 0.07692307692307693
3 0.43028846153846156 0.08173076923076923 0.020432692307692308 0.06971153846153846
3 0.4110576923076923 0.078125 0.016826923076923076 0.07692307692307693
0 0.39302884615384615 0.08052884615384616 0.021634615384615384 0.0733173076923077
0 0.3737980769230769 0.07692307692307693 0.018028846153846152 0.0733173076923077
0 0.3557692307692308 0.078125 0.020432692307692308 0.07692307692307693
2 0.33774038461538464 0.07692307692307693 0.018028846153846152 0.0733173076923077
4 0.3233173076923077 0.08052884615384616 0.018028846153846152 0.0733173076923077
8 0.3016826923076923 0.078125 0.021634615384615384 0.07692307692307693