3 0.234375 0.007211538461538462 0.026442307692307692 0.014423076923076924
6 0.25600961538461536 0.008413461538461538 0.026442307692307692 0.016826923076923076
0 0.27884615384615385 0.009615384615384616 0.028846153846153848 0.019230769230769232
8 0.296875 0.014423076923076924 0.026442307692307692 0.028846153846153848
9 0.32211538461538464 0.014423076923076924 0.028846153846153848 0.028846153846153848
8 0.34375 0.018028846153846152 0.028846153846153848 0.036057692307692304
2 0.36177884615384615 0.019230769230769232 0.026442307692307692 0.038461538461538464
9 0.38461538461538464 0.020432692307692308 0.028846153846153848 0.040865384615384616
0 0.3737980769230769 0.19471153846153846 0.03125 0.07211538461538461
1 0.390625 0.19831730769230768 0.02403846153846154 0.0673076923076923
0 0.40625 0.19831730769230768 0.028846153846153848 0.0673076923076923
2 0.4266826923076923 0.20432692307692307 0.028846153846153848 0.06490384615384616
0 0.44350961538461536 0.20673076923076922 0.03125 0.07211538461538461
2 0.11899038461538461 0.5649038461538461 0.028846153846153848 0.06490384615384616
2 0.13701923076923078 0.5709134615384616 0.02403846153846154 0.06490384615384616
4 0.15504807692307693 0.5745192307692307 0.03365384615384615 0.07211538461538461
3 0.27163461538461536 0.5985576923076923 0.03365384615384615 0.08653846153846154
3 0.7548076923076923 0.8305288461538461 0.03125 0.07451923076923077
0 0.7740384615384616 0.8317307692307693 0.028846153846153848 0.07211538461538461
0 0.7920673076923077 0.8365384615384616 0.028846153846153848 0.07451923076923077
0 0.8100961538461539 0.84375 0.028846153846153848 0.08173076923076923
0 0.828125 0.8413461538461539 0.03365384615384615 0.07932692307692307
0 0.4110576923076923 0.9050480769230769 0.03365384615384615 0.06490384615384616
3 0.42788461538461536 0.9134615384615384 0.028846153846153848 0.07451923076923077
0 0.44711538461538464 0.9170673076923077 0.028846153846153848 0.0673076923076923
5 0.46274038461538464 0.921875 0.028846153846153848 0.07932692307692307
5 0.4807692307692308 0.9254807692307693 0.03365384615384615 0.07932692307692307
3 0.4963942307692308 0.9242788461538461 0.03125 0.07211538461538461
3 0.5144230769230769 0.9314903846153846 0.028846153846153848 0.07932692307692307
0 0.5324519230769231 0.9314903846153846 0.03365384615384615 0.07692307692307693
0 0.5504807692307693 0.9387019230769231 0.03125 0.07451923076923077
0 0.5685096153846154 0.9411057692307693 0.03365384615384615 0.07932692307692307
2 0.5865384615384616 0.9447115384615384 0.03125 0.07451923076923077
4 0.6009615384615384 0.9435096153846154 0.03125 0.07451923076923077
8 0.6225961538461539 0.9495192307692307 0.03365384615384615 0.07932692307692307