0 0.9891826923076923 0.125 0.016826923076923076 0.0625
5 0.9759615384615384 0.12379807692307693 0.028846153846153848 0.06009615384615385
5 0.953125 0.11899038461538461 0.026442307692307692 0.052884615384615384
3 0.9338942307692307 0.1141826923076923 0.02403846153846154 0.057692307692307696
6 0.9122596153846154 0.11177884615384616 0.02403846153846154 0.052884615384615384
0 0.890625 0.10576923076923077 0.026442307692307692 0.05048076923076923
8 0.8701923076923077 0.10336538461538461 0.02403846153846154 0.06009615384615385
9 0.8461538461538461 0.0985576923076923 0.026442307692307692 0.052884615384615384
8 0.8245192307692307 0.09375 0.028846153846153848 0.06009615384615385
2 0.8052884615384616 0.0889423076923077 0.02403846153846154 0.057692307692307696
9 0.7836538461538461 0.08653846153846154 0.026442307692307692 0.052884615384615384
0 0.7283653846153846 0.2608173076923077 0.03365384615384615 0.07211538461538461
1 0.7103365384615384 0.25841346153846156 0.026442307692307692 0.0673076923076923
0 0.6947115384615384 0.2512019230769231 0.03125 0.0673076923076923
2 0.6742788461538461 0.25 0.028846153846153848 0.06490384615384616
0 0.6586538461538461 0.24639423076923078 0.03365384615384615 0.07211538461538461
2 0.8329326923076923 0.6971153846153846 0.028846153846153848 0.06490384615384616
2 0.8137019230769231 0.6971153846153846 0.026442307692307692 0.06490384615384616
4 0.7956730769230769 0.6935096153846154 0.03365384615384615 0.07211538461538461
3 0.6778846153846154 0.6742788461538461 0.036057692307692304 0.08653846153846154
3 0.14302884615384615 0.7175480769230769 0.03125 0.07451923076923077
0 0.12620192307692307 0.7115384615384616 0.03125 0.07211538461538461
0 0.10697115384615384 0.7103365384615384 0.03125 0.07451923076923077
0 0.08653846153846154 0.7103365384615384 0.028846153846153848 0.08173076923076923
0 0.07211538461538461 0.7007211538461539 0.03365384615384615 0.07932692307692307
0 0.4375 0.9098557692307693 0.03365384615384615 0.06490384615384616
3 0.4182692307692308 0.9110576923076923 0.03125 0.07451923076923077
0 0.40024038461538464 0.9074519230769231 0.03125 0.0673076923076923
5 0.38461538461538464 0.9074519230769231 0.03125 0.07932692307692307
5 0.36538461538461536 0.9038461538461539 0.03365384615384615 0.07932692307692307
3 0.35216346153846156 0.8978365384615384 0.03365384615384615 0.07211538461538461
3 0.3317307692307692 0.8966346153846154 0.03125 0.07932692307692307
0 0.31490384615384615 0.8918269230769231 0.036057692307692304 0.07692307692307693
0 0.2956730769230769 0.890625 0.03125 0.07451923076923077
0 0.2776442307692308 0.8870192307692307 0.03365384615384615 0.07932692307692307
2 0.25961538461538464 0.8846153846153846 0.03125 0.07451923076923077
4 0.24639423076923078 0.8786057692307693 0.03125 0.07451923076923077
8 0.2247596153846154 0.8762019230769231 0.036057692307692304 0.07932692307692307