1 0.008413461538461538 0.09495192307692307 0.016826923076923076 0.055288461538461536
0 0.03245192307692308 0.09014423076923077 0.02403846153846154 0.06009615384615385
5 0.051682692307692304 0.09134615384615384 0.02403846153846154 0.06009615384615385
5 0.07451923076923077 0.0889423076923077 0.02403846153846154 0.052884615384615384
3 0.09375 0.08533653846153846 0.021634615384615384 0.057692307692307696
6 0.11538461538461539 0.0829326923076923 0.021634615384615384 0.052884615384615384
0 0.13822115384615385 0.07932692307692307 0.02403846153846154 0.04807692307692308
8 0.15865384615384615 0.078125 0.019230769230769232 0.06009615384615385
9 0.18269230769230768 0.07572115384615384 0.02403846153846154 0.052884615384615384
8 0.20432692307692307 0.07211538461538461 0.02403846153846154 0.06009615384615385
2 0.2247596153846154 0.06850961538461539 0.021634615384615384 0.057692307692307696
9 0.24639423076923078 0.0673076923076923 0.02403846153846154 0.052884615384615384
0 0.28966346153846156 0.24519230769230768 0.028846153846153848 0.07211538461538461
1 0.3076923076923077 0.2439903846153846 0.021634615384615384 0.0673076923076923
0 0.32211538461538464 0.23798076923076922 0.026442307692307692 0.0673076923076923
2 0.3425480769230769 0.23798076923076922 0.026442307692307692 0.06490384615384616
0 0.359375 0.23677884615384615 0.028846153846153848 0.07211538461538461
2 0.15384615384615385 0.6730769230769231 0.026442307692307692 0.06490384615384616
2 0.17427884615384615 0.6742788461538461 0.021634615384615384 0.06490384615384616
4 0.19230769230769232 0.671875 0.028846153846153848 0.07211538461538461
3 0.31009615384615385 0.6610576923076923 0.03125 0.08653846153846154
3 0.8413461538461539 0.7415865384615384 0.026442307692307692 0.07451923076923077
0 0.8581730769230769 0.7367788461538461 0.026442307692307692 0.07211538461538461
0 0.8774038461538461 0.7367788461538461 0.026442307692307692 0.07451923076923077
0 0.8978365384615384 0.7379807692307693 0.02403846153846154 0.08173076923076923
0 0.9134615384615384 0.7307692307692307 0.028846153846153848 0.07932692307692307
0 0.5336538461538461 0.9134615384615384 0.03125 0.06490384615384616
3 0.5528846153846154 0.9158653846153846 0.026442307692307692 0.07451923076923077
0 0.5709134615384616 0.9134615384615384 0.026442307692307692 0.0673076923076923
5 0.5877403846153846 0.9146634615384616 0.026442307692307692 0.07932692307692307
5 0.6057692307692307 0.9122596153846154 0.028846153846153848 0.07932692307692307
3 0.6201923076923077 0.90625 0.028846153846153848 0.07211538461538461
3 0.6394230769230769 0.9074519230769231 0.026442307692307692 0.07932692307692307
0 0.6574519230769231 0.9038461538461539 0.03125 0.07451923076923077
0 0.6766826923076923 0.9050480769230769 0.026442307692307692 0.07451923076923077
0 0.6947115384615384 0.9014423076923077 0.028846153846153848 0.07932692307692307
2 0.7127403846153846 0.9002403846153846 0.026442307692307692 0.07451923076923077
4 0.7259615384615384 0.8942307692307693 0.026442307692307692 0.07451923076923077
8 0.7487980769230769 0.8942307692307693 0.03125 0.07932692307692307