0 0.9074519230769231 0.9891826923076923 0.026442307692307692 0.016826923076923076
1 0.8882211538461539 0.9867788461538461 0.016826923076923076 0.021634615384615384
0 0.8641826923076923 0.9855769230769231 0.026442307692307692 0.02403846153846154
5 0.8449519230769231 0.9831730769230769 0.026442307692307692 0.028846153846153848
5 0.8221153846153846 0.9831730769230769 0.02403846153846154 0.028846153846153848
3 0.8016826923076923 0.9819711538461539 0.021634615384615384 0.03125
6 0.7800480769230769 0.9819711538461539 0.021634615384615384 0.03125
0 0.7572115384615384 0.9819711538461539 0.02403846153846154 0.03125
8 0.7391826923076923 0.9771634615384616 0.021634615384615384 0.040865384615384616
9 0.7139423076923077 0.9783653846153846 0.02403846153846154 0.038461538461538464
8 0.6935096153846154 0.9747596153846154 0.026442307692307692 0.04567307692307692
2 0.671875 0.9747596153846154 0.021634615384615384 0.04567307692307692
9 0.6514423076923077 0.9747596153846154 0.02403846153846154 0.04567307692307692
0 0.6478365384615384 0.7956730769230769 0.026442307692307692 0.07211538461538461
1 0.6298076923076923 0.7932692307692307 0.019230769230769232 0.0673076923076923
0 0.6141826923076923 0.7944711538461539 0.02403846153846154 0.0673076923076923
2 0.59375 0.7896634615384616 0.02403846153846154 0.06490384615384616
0 0.5769230769230769 0.7884615384615384 0.026442307692307692 0.07211538461538461
2 0.8762019230769231 0.40865384615384615 0.02403846153846154 0.06490384615384616
2 0.8569711538461539 0.40384615384615385 0.021634615384615384 0.0625
4 0.8389423076923077 0.4014423076923077 0.028846153846153848 0.07211538461538461
3 0.7211538461538461 0.3858173076923077 0.028846153846153848 0.08653846153846154
3 0.22235576923076922 0.1875 0.026442307692307692 0.07451923076923077
0 0.20432692307692307 0.18870192307692307 0.02403846153846154 0.07211538461538461
0 0.18509615384615385 0.18389423076923078 0.02403846153846154 0.07451923076923077
0 0.1658653846153846 0.17908653846153846 0.021634615384615384 0.08173076923076923
0 0.14903846153846154 0.18269230769230768 0.028846153846153848 0.07932692307692307
0 0.5600961538461539 0.0889423076923077 0.028846153846153848 0.06490384615384616
3 0.5420673076923077 0.0829326923076923 0.02403846153846154 0.07451923076923077
0 0.5240384615384616 0.08052884615384616 0.02403846153846154 0.0673076923076923
5 0.5084134615384616 0.07692307692307693 0.02403846153846154 0.07932692307692307
5 0.4891826923076923 0.07451923076923077 0.028846153846153848 0.07932692307692307
3 0.47475961538461536 0.07692307692307693 0.026442307692307692 0.07211538461538461
3 0.45552884615384615 0.07091346153846154 0.02403846153846154 0.07932692307692307
0 0.4375 0.07211538461538461 0.028846153846153848 0.07451923076923077
0 0.4182692307692308 0.06610576923076923 0.026442307692307692 0.07451923076923077
0 0.40024038461538464 0.06490384615384616 0.028846153846153848 0.07932692307692307
2 0.38341346153846156 0.0625 0.026442307692307692 0.07451923076923077
4 0.36778846153846156 0.06490384615384616 0.026442307692307692 0.07451923076923077
8 0.3473557692307692 0.06009615384615385 0.028846153846153848 0.07932692307692307