0 0.040865384615384616 0.9651442307692307 0.018028846153846152 0.055288461538461536
1 0.06129807692307692 0.9615384615384616 0.009615384615384616 0.055288461538461536
0 0.08533653846153846 0.9639423076923077 0.018028846153846152 0.05889423076923077
5 0.1045673076923077 0.9603365384615384 0.018028846153846152 0.05889423076923077
5 0.12740384615384615 0.9603365384615384 0.016826923076923076 0.051682692307692304
3 0.14783653846153846 0.9615384615384616 0.014423076923076924 0.055288461538461536
6 0.16947115384615385 0.9603365384615384 0.014423076923076924 0.051682692307692304
0 0.19230769230769232 0.9615384615384616 0.018028846153846152 0.046875
8 0.2127403846153846 0.9603365384615384 0.013221153846153846 0.05889423076923077
9 0.23677884615384615 0.9603365384615384 0.016826923076923076 0.051682692307692304
8 0.25841346153846156 0.9603365384615384 0.016826923076923076 0.05889423076923077
2 0.27884615384615385 0.9615384615384616 0.014423076923076924 0.055288461538461536
9 0.3004807692307692 0.9603365384615384 0.016826923076923076 0.051682692307692304
0 0.32211538461538464 0.7788461538461539 0.020432692307692308 0.06971153846153846
1 0.3401442307692308 0.7776442307692307 0.013221153846153846 0.06610576923076923
0 0.3557692307692308 0.78125 0.018028846153846152 0.06610576923076923
2 0.3762019230769231 0.7788461538461539 0.018028846153846152 0.0625
0 0.39302884615384615 0.7788461538461539 0.020432692307692308 0.06971153846153846
2 0.13581730769230768 0.3701923076923077 0.018028846153846152 0.0625
2 0.15504807692307693 0.36658653846153844 0.014423076923076924 0.0625
4 0.17307692307692307 0.36658653846153844 0.021634615384615384 0.06971153846153846
3 0.2920673076923077 0.3629807692307692 0.020432692307692308 0.08413461538461539
3 0.8088942307692307 0.21875 0.018028846153846152 0.0733173076923077
0 0.8269230769230769 0.22115384615384615 0.018028846153846152 0.06971153846153846
0 0.8461538461538461 0.21875 0.016826923076923076 0.0733173076923077
0 0.8653846153846154 0.21514423076923078 0.014423076923076924 0.08052884615384616
0 0.8822115384615384 0.22115384615384615 0.020432692307692308 0.07692307692307693
0 0.4831730769230769 0.08533653846153846 0.02283653846153846 0.0625
3 0.5012019230769231 0.08052884615384616 0.016826923076923076 0.0733173076923077
0 0.5204326923076923 0.08052884615384616 0.018028846153846152 0.06610576923076923
5 0.5360576923076923 0.078125 0.016826923076923076 0.07692307692307693
5 0.5552884615384616 0.078125 0.020432692307692308 0.07692307692307693
3 0.5697115384615384 0.08173076923076923 0.020432692307692308 0.06971153846153846
3 0.5889423076923077 0.078125 0.016826923076923076 0.07692307692307693
0 0.6069711538461539 0.08052884615384616 0.021634615384615384 0.0733173076923077
0 0.6262019230769231 0.07692307692307693 0.018028846153846152 0.0733173076923077
0 0.6442307692307693 0.078125 0.020432692307692308 0.07692307692307693
2 0.6622596153846154 0.07692307692307693 0.018028846153846152 0.0733173076923077
4 0.6766826923076923 0.08052884615384616 0.018028846153846152 0.0733173076923077
8 0.6983173076923077 0.078125 0.021634615384615384 0.07692307692307693