0 0.006009615384615385 0.9098557692307693 0.01201923076923077 0.055288461538461536
1 0.018028846153846152 0.9134615384615384 0.014423076923076924 0.04807692307692308
0 0.040865384615384616 0.9122596153846154 0.021634615384615384 0.057692307692307696
5 0.0625 0.9170673076923077 0.021634615384615384 0.06009615384615385
5 0.08173076923076923 0.9194711538461539 0.021634615384615384 0.06009615384615385
3 0.10336538461538461 0.921875 0.02403846153846154 0.052884615384615384
6 0.125 0.9254807692307693 0.021634615384615384 0.052884615384615384
0 0.14543269230769232 0.9254807692307693 0.02403846153846154 0.057692307692307696
8 0.16706730769230768 0.9278846153846154 0.019230769230769232 0.055288461538461536
9 0.18629807692307693 0.9302884615384616 0.019230769230769232 0.04807692307692308
8 0.2091346153846154 0.9350961538461539 0.019230769230769232 0.052884615384615384
2 0.22956730769230768 0.9338942307692307 0.019230769230769232 0.052884615384615384
9 0.25240384615384615 0.9375 0.02403846153846154 0.04567307692307692
0 0.296875 0.7704326923076923 0.028846153846153848 0.07211538461538461
1 0.31490384615384615 0.7728365384615384 0.021634615384615384 0.07211538461538461
0 0.3317307692307692 0.7752403846153846 0.028846153846153848 0.07211538461538461
2 0.34975961538461536 0.7788461538461539 0.026442307692307692 0.0673076923076923
0 0.36899038461538464 0.7788461538461539 0.026442307692307692 0.07211538461538461
2 0.17307692307692307 0.34975961538461536 0.02403846153846154 0.0673076923076923
2 0.19110576923076922 0.34975961538461536 0.02403846153846154 0.07211538461538461
4 0.20793269230769232 0.35096153846153844 0.026442307692307692 0.07211538461538461
3 0.3269230769230769 0.36658653846153844 0.026442307692307692 0.06490384615384616
3 0.8569711538461539 0.27884615384615385 0.02403846153846154 0.0673076923076923
0 0.875 0.28125 0.026442307692307692 0.07451923076923077
0 0.890625 0.2848557692307692 0.026442307692307692 0.07211538461538461
0 0.9098557692307693 0.2800480769230769 0.026442307692307692 0.07211538461538461
0 0.9266826923076923 0.2824519230769231 0.026442307692307692 0.07211538461538461
0 0.5516826923076923 0.109375 0.03365384615384615 0.06971153846153846
3 0.5697115384615384 0.11177884615384616 0.021634615384615384 0.0673076923076923
0 0.5877403846153846 0.11177884615384616 0.026442307692307692 0.07211538461538461
5 0.6045673076923077 0.1141826923076923 0.026442307692307692 0.07932692307692307
5 0.6225961538461539 0.11778846153846154 0.03125 0.07451923076923077
3 0.6394230769230769 0.11899038461538461 0.026442307692307692 0.07932692307692307
3 0.65625 0.11658653846153846 0.028846153846153848 0.07932692307692307
0 0.6766826923076923 0.12139423076923077 0.028846153846153848 0.07451923076923077
0 0.6935096153846154 0.11899038461538461 0.028846153846153848 0.08173076923076923
0 0.7127403846153846 0.12139423076923077 0.026442307692307692 0.07451923076923077
2 0.7295673076923077 0.12139423076923077 0.026442307692307692 0.07932692307692307
4 0.7463942307692307 0.12620192307692307 0.026442307692307692 0.07451923076923077
8 0.7644230769230769 0.12860576923076922 0.028846153846153848 0.07451923076923077