6 0.734375 0.9927884615384616 0.026442307692307692 0.009615384615384616
0 0.7163461538461539 0.9891826923076923 0.028846153846153848 0.016826923076923076
8 0.6947115384615384 0.9867788461538461 0.02403846153846154 0.021634615384615384
9 0.6754807692307693 0.9879807692307693 0.02403846153846154 0.019230769230769232
8 0.6514423076923077 0.9855769230769231 0.02403846153846154 0.02403846153846154
2 0.6322115384615384 0.9819711538461539 0.02403846153846154 0.03125
9 0.6105769230769231 0.9819711538461539 0.028846153846153848 0.03125
0 0.6153846153846154 0.8185096153846154 0.03365384615384615 0.07211538461538461
1 0.5973557692307693 0.8149038461538461 0.026442307692307692 0.07211538461538461
0 0.5805288461538461 0.8125 0.03125 0.07211538461538461
2 0.5625 0.8112980769230769 0.028846153846153848 0.0673076923076923
0 0.5432692307692307 0.8052884615384616 0.028846153846153848 0.07211538461538461
2 0.8557692307692307 0.4519230769230769 0.028846153846153848 0.0673076923076923
2 0.8389423076923077 0.44591346153846156 0.028846153846153848 0.07211538461538461
4 0.8221153846153846 0.44350961538461536 0.028846153846153848 0.07211538461538461
3 0.7055288461538461 0.4230769230769231 0.028846153846153848 0.06490384615384616
3 0.22355769230769232 0.18389423076923078 0.028846153846153848 0.0673076923076923
0 0.20552884615384615 0.18028846153846154 0.03125 0.07451923076923077
0 0.18870192307692307 0.18028846153846154 0.028846153846153848 0.07211538461538461
0 0.17307692307692307 0.17067307692307693 0.028846153846153848 0.07211538461538461
0 0.15625 0.16706730769230768 0.028846153846153848 0.07211538461538461
0 0.5649038461538461 0.11057692307692307 0.036057692307692304 0.06971153846153846
3 0.546875 0.10817307692307693 0.026442307692307692 0.0673076923076923
0 0.5300480769230769 0.10336538461538461 0.028846153846153848 0.07211538461538461
5 0.5132211538461539 0.10096153846153846 0.03125 0.07932692307692307
5 0.4951923076923077 0.0985576923076923 0.03365384615384615 0.07692307692307693
3 0.47836538461538464 0.09495192307692307 0.03125 0.07932692307692307
3 0.46274038461538464 0.08774038461538461 0.03365384615384615 0.07932692307692307
0 0.4423076923076923 0.08533653846153846 0.03365384615384615 0.07692307692307693
0 0.4266826923076923 0.07932692307692307 0.03125 0.08173076923076923
0 0.4074519230769231 0.07572115384615384 0.028846153846153848 0.07451923076923077
2 0.3918269230769231 0.07091346153846154 0.028846153846153848 0.07932692307692307
4 0.3737980769230769 0.06971153846153846 0.028846153846153848 0.07451923076923077
8 0.3557692307692308 0.0673076923076923 0.03365384615384615 0.07692307692307693