5 0.18509615384615385 0.9915865384615384 0.02403846153846154 0.01201923076923077
5 0.20432692307692307 0.9903846153846154 0.02403846153846154 0.014423076923076924
3 0.22716346153846154 0.9903846153846154 0.026442307692307692 0.014423076923076924
6 0.24759615384615385 0.9891826923076923 0.02403846153846154 0.016826923076923076
0 0.26802884615384615 0.9855769230769231 0.026442307692307692 0.02403846153846154
8 0.28846153846153844 0.984375 0.02403846153846154 0.026442307692307692
9 0.31009615384615385 0.984375 0.02403846153846154 0.026442307692307692
8 0.3329326923076923 0.9831730769230769 0.021634615384615384 0.028846153846153848
2 0.35216346153846156 0.9795673076923077 0.021634615384615384 0.036057692307692304
9 0.3737980769230769 0.9807692307692307 0.026442307692307692 0.03365384615384615
0 0.3737980769230769 0.8137019230769231 0.03125 0.07211538461538461
1 0.3918269230769231 0.8112980769230769 0.02403846153846154 0.07211538461538461
0 0.40865384615384615 0.8088942307692307 0.028846153846153848 0.07211538461538461
2 0.4266826923076923 0.8088942307692307 0.026442307692307692 0.0673076923076923
0 0.44591346153846156 0.8040865384615384 0.026442307692307692 0.07211538461538461
2 0.14543269230769232 0.43990384615384615 0.026442307692307692 0.0673076923076923
2 0.16346153846153846 0.4338942307692308 0.026442307692307692 0.07211538461538461
4 0.18028846153846154 0.4326923076923077 0.026442307692307692 0.07211538461538461
3 0.2980769230769231 0.41586538461538464 0.026442307692307692 0.06490384615384616
3 0.7872596153846154 0.1935096153846154 0.026442307692307692 0.0673076923076923
0 0.8052884615384616 0.19110576923076922 0.028846153846153848 0.07451923076923077
0 0.8221153846153846 0.19110576923076922 0.026442307692307692 0.07211538461538461
0 0.8389423076923077 0.1814903846153846 0.026442307692307692 0.07211538461538461
0 0.8557692307692307 0.17908653846153846 0.026442307692307692 0.07211538461538461
0 0.4483173076923077 0.109375 0.03365384615384615 0.06971153846153846
3 0.46634615384615385 0.10697115384615384 0.02403846153846154 0.0673076923076923
0 0.484375 0.10336538461538461 0.026442307692307692 0.07211538461538461
5 0.5012019230769231 0.10096153846153846 0.028846153846153848 0.07932692307692307
5 0.5192307692307693 0.09975961538461539 0.03125 0.07451923076923077
3 0.5348557692307693 0.09615384615384616 0.028846153846153848 0.07932692307692307
3 0.5516826923076923 0.09014423076923077 0.03125 0.07932692307692307
0 0.5721153846153846 0.08774038461538461 0.03125 0.07451923076923077
0 0.5877403846153846 0.08173076923076923 0.028846153846153848 0.08173076923076923
0 0.6069711538461539 0.07932692307692307 0.026442307692307692 0.07451923076923077
2 0.6237980769230769 0.07451923076923077 0.026442307692307692 0.07932692307692307
4 0.6418269230769231 0.07451923076923077 0.026442307692307692 0.07451923076923077
8 0.6598557692307693 0.07211538461538461 0.03125 0.07451923076923077