0 0.2932692307692308 0.008413461538461538 0.028846153846153848 0.016826923076923076
8 0.3161057692307692 0.010817307692307692 0.026442307692307692 0.021634615384615384
9 0.33533653846153844 0.009615384615384616 0.026442307692307692 0.019230769230769232
8 0.359375 0.01201923076923077 0.026442307692307692 0.02403846153846154
2 0.3786057692307692 0.015625 0.026442307692307692 0.03125
9 0.4014423076923077 0.016826923076923076 0.028846153846153848 0.03365384615384615
0 0.390625 0.18028846153846154 0.03365384615384615 0.07211538461538461
1 0.40865384615384615 0.18389423076923078 0.026442307692307692 0.07211538461538461
0 0.4254807692307692 0.18629807692307693 0.03365384615384615 0.07211538461538461
2 0.44350961538461536 0.1875 0.03125 0.0673076923076923
0 0.46153846153846156 0.1935096153846154 0.03125 0.07211538461538461
2 0.14302884615384615 0.5420673076923077 0.028846153846153848 0.0673076923076923
2 0.15985576923076922 0.5480769230769231 0.028846153846153848 0.07211538461538461
4 0.17668269230769232 0.5504807692307693 0.03125 0.07211538461538461
3 0.2932692307692308 0.5733173076923077 0.028846153846153848 0.06490384615384616
3 0.7704326923076923 0.8209134615384616 0.028846153846153848 0.0673076923076923
0 0.7884615384615384 0.8245192307692307 0.03125 0.07451923076923077
0 0.8052884615384616 0.8245192307692307 0.03125 0.07211538461538461
0 0.8221153846153846 0.8353365384615384 0.03125 0.07211538461538461
0 0.8377403846153846 0.8389423076923077 0.03125 0.07211538461538461
0 0.42788461538461536 0.8882211538461539 0.038461538461538464 0.06971153846153846
3 0.44591346153846156 0.890625 0.026442307692307692 0.0673076923076923
0 0.4639423076923077 0.8954326923076923 0.03125 0.07211538461538461
5 0.4795673076923077 0.8990384615384616 0.03125 0.07932692307692307
5 0.49759615384615385 0.9014423076923077 0.036057692307692304 0.07692307692307693
3 0.5144230769230769 0.9050480769230769 0.03125 0.07932692307692307
3 0.5300480769230769 0.9122596153846154 0.03365384615384615 0.07932692307692307
0 0.5504807692307693 0.9146634615384616 0.03365384615384615 0.07692307692307693
0 0.5661057692307693 0.921875 0.03365384615384615 0.08173076923076923
0 0.5853365384615384 0.9254807692307693 0.03125 0.07451923076923077
2 0.6009615384615384 0.9314903846153846 0.03125 0.07932692307692307
4 0.6189903846153846 0.9326923076923077 0.03125 0.07451923076923077
8 0.6370192307692307 0.9350961538461539 0.03365384615384615 0.07692307692307693