0 0.9483173076923077 0.9675480769230769 0.016826923076923076 0.051682692307692304
1 0.9278846153846154 0.96875 0.008413461538461538 0.046875
0 0.9050480769230769 0.9651442307692307 0.014423076923076924 0.055288461538461536
5 0.8834134615384616 0.9675480769230769 0.014423076923076924 0.05889423076923077
5 0.8641826923076923 0.9675480769230769 0.014423076923076924 0.05889423076923077
3 0.8425480769230769 0.9675480769230769 0.016826923076923076 0.051682692307692304
6 0.8209134615384616 0.9675480769230769 0.014423076923076924 0.051682692307692304
0 0.8004807692307693 0.9651442307692307 0.016826923076923076 0.055288461538461536
8 0.7788461538461539 0.9651442307692307 0.013221153846153846 0.055288461538461536
9 0.7584134615384616 0.9651442307692307 0.014423076923076924 0.046875
8 0.7355769230769231 0.9675480769230769 0.013221153846153846 0.051682692307692304
2 0.7151442307692307 0.9639423076923077 0.013221153846153846 0.051682692307692304
9 0.6923076923076923 0.9639423076923077 0.018028846153846152 0.04326923076923077
0 0.6682692307692307 0.7932692307692307 0.021634615384615384 0.06971153846153846
1 0.6502403846153846 0.7932692307692307 0.014423076923076924 0.06971153846153846
0 0.6334134615384616 0.7932692307692307 0.020432692307692308 0.06971153846153846
2 0.6153846153846154 0.7956730769230769 0.018028846153846152 0.06610576923076923
0 0.5961538461538461 0.7932692307692307 0.018028846153846152 0.06971153846153846
2 0.8425480769230769 0.390625 0.016826923076923076 0.06610576923076923
2 0.8245192307692307 0.38822115384615385 0.016826923076923076 0.06971153846153846
4 0.8076923076923077 0.38822115384615385 0.018028846153846152 0.06971153846153846
3 0.6887019230769231 0.38822115384615385 0.018028846153846152 0.0625
3 0.17307692307692307 0.23677884615384615 0.016826923076923076 0.06610576923076923
0 0.15504807692307693 0.23677884615384615 0.018028846153846152 0.0733173076923077
0 0.13822115384615385 0.23918269230769232 0.018028846153846152 0.06971153846153846
0 0.1201923076923077 0.23197115384615385 0.018028846153846152 0.06971153846153846
0 0.10336538461538461 0.23197115384615385 0.018028846153846152 0.06971153846153846
0 0.4963942307692308 0.10576923076923077 0.025240384615384616 0.06610576923076923
3 0.47836538461538464 0.10576923076923077 0.014423076923076924 0.06610576923076923
0 0.46033653846153844 0.1045673076923077 0.018028846153846152 0.06971153846153846
5 0.44350961538461536 0.1045673076923077 0.018028846153846152 0.07692307692307693
5 0.4254807692307692 0.10576923076923077 0.021634615384615384 0.0733173076923077
3 0.40865384615384615 0.1045673076923077 0.018028846153846152 0.07692307692307693
3 0.3918269230769231 0.10096153846153846 0.020432692307692308 0.07692307692307693
0 0.3713942307692308 0.10216346153846154 0.020432692307692308 0.0733173076923077
0 0.3545673076923077 0.0985576923076923 0.018028846153846152 0.08052884615384616
0 0.33533653846153844 0.0985576923076923 0.016826923076923076 0.0733173076923077
2 0.31850961538461536 0.09615384615384616 0.016826923076923076 0.07692307692307693
4 0.3004807692307692 0.0985576923076923 0.016826923076923076 0.0733173076923077
8 0.2824519230769231 0.0985576923076923 0.020432692307692308 0.0733173076923077