8 0.6682692307692307 0.9915865384615384 0.028846153846153848 0.01201923076923077
9 0.6478365384615384 0.9915865384615384 0.026442307692307692 0.01201923076923077
8 0.6237980769230769 0.9891826923076923 0.026442307692307692 0.016826923076923076
2 0.6069711538461539 0.9855769230769231 0.026442307692307692 0.02403846153846154
9 0.5841346153846154 0.984375 0.028846153846153848 0.026442307692307692
0 0.5985576923076923 0.8233173076923077 0.036057692307692304 0.07211538461538461
1 0.5805288461538461 0.8197115384615384 0.028846153846153848 0.07211538461538461
0 0.5637019230769231 0.8161057692307693 0.036057692307692304 0.07211538461538461
2 0.5456730769230769 0.8137019230769231 0.03125 0.0673076923076923
0 0.5276442307692307 0.8076923076923077 0.03365384615384615 0.07211538461538461
2 0.8581730769230769 0.4699519230769231 0.03125 0.0673076923076923
2 0.8413461538461539 0.4639423076923077 0.03125 0.07211538461538461
4 0.8245192307692307 0.46033653846153844 0.03365384615384615 0.07211538461538461
3 0.7091346153846154 0.4338942307692308 0.03125 0.06490384615384616
3 0.2403846153846154 0.16947115384615385 0.03125 0.0673076923076923
0 0.22355769230769232 0.1658653846153846 0.03365384615384615 0.07451923076923077
0 0.20673076923076922 0.16466346153846154 0.03365384615384615 0.07211538461538461
0 0.18990384615384615 0.15384615384615385 0.03365384615384615 0.07211538461538461
0 0.17427884615384615 0.14903846153846154 0.03365384615384615 0.07211538461538461
0 0.5853365384615384 0.11538461538461539 0.038461538461538464 0.06971153846153846
3 0.5673076923076923 0.11057692307692307 0.028846153846153848 0.0673076923076923
0 0.5504807692307693 0.10576923076923077 0.03365384615384615 0.07211538461538461
5 0.5336538461538461 0.10216346153846154 0.036057692307692304 0.07932692307692307
5 0.515625 0.0985576923076923 0.038461538461538464 0.07692307692307693
3 0.5 0.09375 0.036057692307692304 0.07932692307692307
3 0.484375 0.08653846153846154 0.036057692307692304 0.07932692307692307
0 0.4639423076923077 0.0829326923076923 0.036057692307692304 0.07692307692307693
0 0.4483173076923077 0.07572115384615384 0.036057692307692304 0.08173076923076923
0 0.43028846153846156 0.07211538461538461 0.03365384615384615 0.07451923076923077
2 0.41346153846153844 0.06610576923076923 0.03365384615384615 0.07932692307692307
4 0.3954326923076923 0.06370192307692307 0.03365384615384615 0.07451923076923077
8 0.3786057692307692 0.06009615384615385 0.036057692307692304 0.07692307692307693