0 0.6742788461538461 0.14423076923076922 0.025240384615384616 0.09615384615384616
1 0.6514423076923077 0.14423076923076922 0.019230769230769232 0.09615384615384616
2 0.6322115384615384 0.1466346153846154 0.015625 0.09254807692307693
3 0.6117788461538461 0.15625 0.019230769230769232 0.1201923076923077
3 0.5925480769230769 0.1466346153846154 0.019230769230769232 0.10817307692307693
3 0.5721153846153846 0.15264423076923078 0.018028846153846152 0.1201923076923077
4 0.5528846153846154 0.15625 0.02283653846153846 0.12860576923076922
3 0.6935096153846154 0.3389423076923077 0.025240384615384616 0.10817307692307693
2 0.6706730769230769 0.34375 0.01201923076923077 0.125
2 0.6394230769230769 0.34375 0.015625 0.13221153846153846
3 0.6225961538461539 0.3329326923076923 0.018028846153846152 0.13701923076923078
1 0.5901442307692307 0.34375 0.018028846153846152 0.125
4 0.5745192307692307 0.3473557692307692 0.018028846153846152 0.140625
0 0.5552884615384616 0.35336538461538464 0.015625 0.13701923076923078
1 0.5324519230769231 0.36538461538461536 0.021634615384615384 0.14423076923076922
5 0.6899038461538461 0.6045673076923077 0.025240384615384616 0.125
3 0.6634615384615384 0.6069711538461539 0.02283653846153846 0.12860576923076922
2 0.6322115384615384 0.7512019230769231 0.015625 0.1045673076923077
6 0.6141826923076923 0.7512019230769231 0.019230769230769232 0.1201923076923077
3 0.5949519230769231 0.7487980769230769 0.019230769230769232 0.125
7 0.5745192307692307 0.7596153846153846 0.014423076923076924 0.11298076923076923
3 0.5552884615384616 0.765625 0.019230769230769232 0.10817307692307693
1 0.5360576923076923 0.7596153846153846 0.018028846153846152 0.09615384615384616
8 0.5180288461538461 0.7728365384615384 0.015625 0.11658653846153846
0 0.4951923076923077 0.7716346153846154 0.026442307692307692 0.11298076923076923
5 0.26802884615384615 0.6490384615384616 0.026442307692307692 0.140625
2 0.24879807692307693 0.6442307692307693 0.01201923076923077 0.13221153846153846
2 0.21995192307692307 0.6466346153846154 0.019230769230769232 0.1201923076923077
3 0.19831730769230768 0.6466346153846154 0.015625 0.1201923076923077
1 0.16947115384615385 0.6550480769230769 0.018028846153846152 0.14423076923076922
4 0.1502403846153846 0.6490384615384616 0.018028846153846152 0.10817307692307693
0 0.12980769230769232 0.6430288461538461 0.019230769230769232 0.1201923076923077
1 0.11057692307692307 0.640625 0.018028846153846152 0.15625