0 0.9747596153846154 0.9471153846153846 0.019230769230769232 0.052884615384615384
1 0.953125 0.9483173076923077 0.014423076923076924 0.052884615384615384
0 0.9290865384615384 0.9471153846153846 0.019230769230769232 0.04807692307692308
5 0.9074519230769231 0.9495192307692307 0.016826923076923076 0.06009615384615385
5 0.8870192307692307 0.9519230769230769 0.016826923076923076 0.055288461538461536
3 0.8653846153846154 0.9495192307692307 0.014423076923076924 0.0625
6 0.8449519230769231 0.953125 0.016826923076923076 0.055288461538461536
0 0.8233173076923077 0.9543269230769231 0.016826923076923076 0.0625
8 0.8004807692307693 0.953125 0.019230769230769232 0.052884615384615384
9 0.7788461538461539 0.9555288461538461 0.019230769230769232 0.0625
8 0.7560096153846154 0.9519230769230769 0.019230769230769232 0.052884615384615384
2 0.7367788461538461 0.9519230769230769 0.016826923076923076 0.052884615384615384
9 0.7151442307692307 0.9567307692307693 0.019230769230769232 0.052884615384615384
0 0.6923076923076923 0.7932692307692307 0.021634615384615384 0.0673076923076923
1 0.6742788461538461 0.7932692307692307 0.016826923076923076 0.0673076923076923
0 0.6574519230769231 0.7920673076923077 0.02403846153846154 0.06971153846153846
2 0.6394230769230769 0.7920673076923077 0.021634615384615384 0.07692307692307693
0 0.6201923076923077 0.7980769230769231 0.02403846153846154 0.06971153846153846
2 0.8617788461538461 0.38100961538461536 0.021634615384615384 0.07451923076923077
2 0.8449519230769231 0.38221153846153844 0.021634615384615384 0.07451923076923077
4 0.8269230769230769 0.3786057692307692 0.02403846153846154 0.07451923076923077
3 0.7079326923076923 0.38100961538461536 0.021634615384615384 0.06971153846153846
3 0.18509615384615385 0.2548076923076923 0.019230769230769232 0.0673076923076923
0 0.16706730769230768 0.2548076923076923 0.021634615384615384 0.06971153846153846
0 0.14903846153846154 0.2512019230769231 0.019230769230769232 0.07692307692307693
0 0.13341346153846154 0.25600961538461536 0.021634615384615384 0.07692307692307693
0 0.11298076923076923 0.2608173076923077 0.021634615384615384 0.08173076923076923
0 0.5072115384615384 0.10576923076923077 0.02403846153846154 0.0673076923076923
3 0.49038461538461536 0.11177884615384616 0.016826923076923076 0.07692307692307693
0 0.4723557692307692 0.10576923076923077 0.021634615384615384 0.07692307692307693
5 0.453125 0.10576923076923077 0.016826923076923076 0.06971153846153846
5 0.4362980769230769 0.11057692307692307 0.02403846153846154 0.07692307692307693
3 0.4170673076923077 0.10817307692307693 0.021634615384615384 0.07451923076923077
3 0.4026442307692308 0.109375 0.021634615384615384 0.08173076923076923
0 0.38341346153846156 0.10576923076923077 0.02403846153846154 0.07451923076923077
0 0.3641826923076923 0.109375 0.016826923076923076 0.07692307692307693
0 0.34615384615384615 0.109375 0.021634615384615384 0.06971153846153846
2 0.328125 0.11177884615384616 0.021634615384615384 0.07451923076923077
4 0.3112980769230769 0.11057692307692307 0.019230769230769232 0.07692307692307693
8 0.2920673076923077 0.11298076923076923 0.02403846153846154 0.08173076923076923