0 0.7043269230769231 0.9915865384615384 0.028846153846153848 0.01201923076923077
8 0.6826923076923077 0.9915865384615384 0.028846153846153848 0.01201923076923077
9 0.6622596153846154 0.9867788461538461 0.03125 0.021634615384615384
8 0.6394230769230769 0.9855769230769231 0.028846153846153848 0.02403846153846154
2 0.6213942307692307 0.9831730769230769 0.026442307692307692 0.028846153846153848
9 0.5997596153846154 0.9819711538461539 0.03125 0.03125
0 0.6153846153846154 0.8305288461538461 0.03365384615384615 0.06971153846153846
1 0.5973557692307693 0.8269230769230769 0.028846153846153848 0.0673076923076923
0 0.5817307692307693 0.8209134615384616 0.03365384615384615 0.07211538461538461
2 0.5637019230769231 0.8173076923076923 0.03365384615384615 0.07932692307692307
0 0.5444711538461539 0.8173076923076923 0.03365384615384615 0.07211538461538461
2 0.8798076923076923 0.4723557692307692 0.03365384615384615 0.07451923076923077
2 0.8629807692307693 0.46875 0.03365384615384615 0.07451923076923077
4 0.8461538461538461 0.46153846153846156 0.036057692307692304 0.07692307692307693
3 0.7295673076923077 0.43509615384615385 0.03125 0.07211538461538461
3 0.2536057692307692 0.18629807692307693 0.03125 0.0673076923076923
0 0.23557692307692307 0.1814903846153846 0.03125 0.07211538461538461
0 0.21875 0.17307692307692307 0.03365384615384615 0.07932692307692307
0 0.203125 0.17427884615384615 0.03365384615384615 0.07932692307692307
0 0.18269230769230768 0.17427884615384615 0.03365384615384615 0.08173076923076923
0 0.6021634615384616 0.11899038461538461 0.036057692307692304 0.06971153846153846
3 0.5841346153846154 0.12139423076923077 0.03125 0.07932692307692307
0 0.5685096153846154 0.11057692307692307 0.03365384615384615 0.07932692307692307
5 0.5492788461538461 0.10576923076923077 0.028846153846153848 0.07211538461538461
5 0.5324519230769231 0.10576923076923077 0.036057692307692304 0.07932692307692307
3 0.5132211538461539 0.09975961538461539 0.03365384615384615 0.07451923076923077
3 0.5 0.09735576923076923 0.03365384615384615 0.08173076923076923
0 0.48197115384615385 0.0889423076923077 0.036057692307692304 0.07692307692307693
0 0.46274038461538464 0.08774038461538461 0.03125 0.07932692307692307
0 0.44471153846153844 0.08413461538461539 0.03125 0.07211538461538461
2 0.4266826923076923 0.08173076923076923 0.03365384615384615 0.07451923076923077
4 0.4110576923076923 0.07692307692307693 0.03365384615384615 0.07932692307692307
8 0.3918269230769231 0.0733173076923077 0.038461538461538464 0.08413461538461539