0 0.040865384615384616 0.036057692307692304 0.016826923076923076 0.051682692307692304
1 0.0625 0.036057692307692304 0.01201923076923077 0.051682692307692304
0 0.08653846153846154 0.038461538461538464 0.016826923076923076 0.046875
5 0.10817307692307693 0.036057692307692304 0.014423076923076924 0.05889423076923077
5 0.12860576923076922 0.03485576923076923 0.014423076923076924 0.055288461538461536
3 0.1502403846153846 0.038461538461538464 0.013221153846153846 0.0625
6 0.17067307692307693 0.03485576923076923 0.014423076923076924 0.055288461538461536
0 0.19230769230769232 0.03485576923076923 0.014423076923076924 0.0625
8 0.21514423076923078 0.036057692307692304 0.016826923076923076 0.051682692307692304
9 0.23677884615384615 0.03485576923076923 0.016826923076923076 0.0625
8 0.25961538461538464 0.039663461538461536 0.016826923076923076 0.051682692307692304
2 0.27884615384615385 0.039663461538461536 0.014423076923076924 0.051682692307692304
9 0.3004807692307692 0.036057692307692304 0.018028846153846152 0.051682692307692304
0 0.31850961538461536 0.20072115384615385 0.020432692307692308 0.06610576923076923
1 0.33653846153846156 0.20072115384615385 0.014423076923076924 0.06610576923076923
0 0.35336538461538464 0.203125 0.020432692307692308 0.06971153846153846
2 0.3713942307692308 0.203125 0.018028846153846152 0.07692307692307693
0 0.390625 0.19831730769230768 0.020432692307692308 0.06971153846153846
2 0.1346153846153846 0.6057692307692307 0.018028846153846152 0.0733173076923077
2 0.15144230769230768 0.6057692307692307 0.018028846153846152 0.0733173076923077
4 0.16947115384615385 0.609375 0.021634615384615384 0.0733173076923077
3 0.28846153846153844 0.6117788461538461 0.018028846153846152 0.06971153846153846
3 0.8064903846153846 0.7560096153846154 0.016826923076923076 0.06610576923076923
0 0.8245192307692307 0.7572115384615384 0.018028846153846152 0.06971153846153846
0 0.8425480769230769 0.7608173076923077 0.016826923076923076 0.07692307692307693
0 0.8581730769230769 0.7572115384615384 0.018028846153846152 0.07692307692307693
0 0.8786057692307693 0.7524038461538461 0.018028846153846152 0.08052884615384616
0 0.4795673076923077 0.8942307692307693 0.021634615384615384 0.06610576923076923
3 0.4963942307692308 0.8882211538461539 0.014423076923076924 0.07692307692307693
0 0.5144230769230769 0.8954326923076923 0.018028846153846152 0.07692307692307693
5 0.5336538461538461 0.8954326923076923 0.014423076923076924 0.06971153846153846
5 0.5504807692307693 0.8918269230769231 0.020432692307692308 0.07692307692307693
3 0.5697115384615384 0.8942307692307693 0.018028846153846152 0.0733173076923077
3 0.5841346153846154 0.8942307692307693 0.018028846153846152 0.08052884615384616
0 0.6033653846153846 0.8978365384615384 0.020432692307692308 0.0733173076923077
0 0.6225961538461539 0.8954326923076923 0.014423076923076924 0.07692307692307693
0 0.640625 0.8954326923076923 0.018028846153846152 0.06971153846153846
2 0.6586538461538461 0.8942307692307693 0.018028846153846152 0.0733173076923077
4 0.6754807692307693 0.8954326923076923 0.016826923076923076 0.07692307692307693
8 0.6947115384615384 0.8942307692307693 0.021634615384615384 0.08052884615384616