0 0.9591346153846154 0.036057692307692304 0.016826923076923076 0.051682692307692304
1 0.9375 0.036057692307692304 0.01201923076923077 0.051682692307692304
0 0.9134615384615384 0.038461538461538464 0.016826923076923076 0.046875
5 0.8918269230769231 0.036057692307692304 0.014423076923076924 0.05889423076923077
5 0.8713942307692307 0.03485576923076923 0.014423076923076924 0.055288461538461536
3 0.8497596153846154 0.038461538461538464 0.013221153846153846 0.0625
6 0.8293269230769231 0.03485576923076923 0.014423076923076924 0.055288461538461536
0 0.8076923076923077 0.03485576923076923 0.014423076923076924 0.0625
8 0.7848557692307693 0.036057692307692304 0.016826923076923076 0.051682692307692304
9 0.7632211538461539 0.03485576923076923 0.016826923076923076 0.0625
8 0.7403846153846154 0.039663461538461536 0.016826923076923076 0.051682692307692304
2 0.7211538461538461 0.039663461538461536 0.014423076923076924 0.051682692307692304
9 0.6995192307692307 0.036057692307692304 0.018028846153846152 0.051682692307692304
0 0.6814903846153846 0.20072115384615385 0.020432692307692308 0.06610576923076923
1 0.6634615384615384 0.20072115384615385 0.014423076923076924 0.06610576923076923
0 0.6466346153846154 0.203125 0.020432692307692308 0.06971153846153846
2 0.6286057692307693 0.203125 0.018028846153846152 0.07692307692307693
0 0.609375 0.19831730769230768 0.020432692307692308 0.06971153846153846
2 0.8653846153846154 0.6057692307692307 0.018028846153846152 0.0733173076923077
2 0.8485576923076923 0.6057692307692307 0.018028846153846152 0.0733173076923077
4 0.8305288461538461 0.609375 0.021634615384615384 0.0733173076923077
3 0.7115384615384616 0.6117788461538461 0.018028846153846152 0.06971153846153846
3 0.1935096153846154 0.7560096153846154 0.016826923076923076 0.06610576923076923
0 0.17548076923076922 0.7572115384615384 0.018028846153846152 0.06971153846153846
0 0.15745192307692307 0.7608173076923077 0.016826923076923076 0.07692307692307693
0 0.14182692307692307 0.7572115384615384 0.018028846153846152 0.07692307692307693
0 0.12139423076923077 0.7524038461538461 0.018028846153846152 0.08052884615384616
0 0.5204326923076923 0.8942307692307693 0.021634615384615384 0.06610576923076923
3 0.5036057692307693 0.8882211538461539 0.014423076923076924 0.07692307692307693
0 0.4855769230769231 0.8954326923076923 0.018028846153846152 0.07692307692307693
5 0.46634615384615385 0.8954326923076923 0.014423076923076924 0.06971153846153846
5 0.4495192307692308 0.8918269230769231 0.020432692307692308 0.07692307692307693
3 0.43028846153846156 0.8942307692307693 0.018028846153846152 0.0733173076923077
3 0.41586538461538464 0.8942307692307693 0.018028846153846152 0.08052884615384616
0 0.39663461538461536 0.8978365384615384 0.020432692307692308 0.0733173076923077
0 0.37740384615384615 0.8954326923076923 0.014423076923076924 0.07692307692307693
0 0.359375 0.8954326923076923 0.018028846153846152 0.06971153846153846
2 0.34134615384615385 0.8942307692307693 0.018028846153846152 0.0733173076923077
4 0.3245192307692308 0.8954326923076923 0.016826923076923076 0.07692307692307693
8 0.30528846153846156 0.8942307692307693 0.021634615384615384 0.08052884615384616