0 0.09134615384615384 0.9903846153846154 0.02403846153846154 0.014423076923076924
1 0.11298076923076923 0.9891826923076923 0.019230769230769232 0.016826923076923076
0 0.13701923076923078 0.9879807692307693 0.02403846153846154 0.019230769230769232
5 0.15865384615384615 0.984375 0.02403846153846154 0.026442307692307692
5 0.17908653846153846 0.984375 0.021634615384615384 0.026442307692307692
3 0.20072115384615385 0.9807692307692307 0.021634615384615384 0.03365384615384615
6 0.22235576923076922 0.9831730769230769 0.021634615384615384 0.028846153846153848
0 0.24278846153846154 0.9807692307692307 0.02403846153846154 0.03365384615384615
8 0.2668269230769231 0.9807692307692307 0.02403846153846154 0.03365384615384615
9 0.28725961538461536 0.9771634615384616 0.026442307692307692 0.040865384615384616
8 0.31009615384615385 0.9771634615384616 0.02403846153846154 0.040865384615384616
2 0.328125 0.9759615384615384 0.021634615384615384 0.04326923076923077
9 0.34975961538461536 0.9759615384615384 0.026442307692307692 0.04326923076923077
0 0.35096153846153844 0.8161057692307693 0.026442307692307692 0.0673076923076923
1 0.36899038461538464 0.8149038461538461 0.021634615384615384 0.0673076923076923
0 0.38461538461538464 0.8100961538461539 0.026442307692307692 0.07211538461538461
2 0.4026442307692308 0.8088942307692307 0.026442307692307692 0.07932692307692307
0 0.4230769230769231 0.8112980769230769 0.026442307692307692 0.07211538461538461
2 0.125 0.4326923076923077 0.026442307692307692 0.07451923076923077
2 0.14182692307692307 0.43149038461538464 0.026442307692307692 0.07451923076923077
4 0.15985576923076922 0.4254807692307692 0.028846153846153848 0.07451923076923077
3 0.2776442307692308 0.4110576923076923 0.02403846153846154 0.07211538461538461
3 0.7776442307692307 0.21394230769230768 0.02403846153846154 0.0673076923076923
0 0.7956730769230769 0.21033653846153846 0.02403846153846154 0.07211538461538461
0 0.8137019230769231 0.20432692307692307 0.02403846153846154 0.07932692307692307
0 0.8293269230769231 0.20673076923076922 0.026442307692307692 0.07932692307692307
0 0.8497596153846154 0.2091346153846154 0.026442307692307692 0.08173076923076923
0 0.4387019230769231 0.11057692307692307 0.028846153846153848 0.0673076923076923
3 0.45552884615384615 0.1141826923076923 0.021634615384615384 0.07692307692307693
0 0.4735576923076923 0.10576923076923077 0.026442307692307692 0.07932692307692307
5 0.49158653846153844 0.10336538461538461 0.021634615384615384 0.06971153846153846
5 0.5096153846153846 0.1045673076923077 0.028846153846153848 0.07932692307692307
3 0.5276442307692307 0.10096153846153846 0.026442307692307692 0.07451923076923077
3 0.5420673076923077 0.0985576923076923 0.026442307692307692 0.08173076923076923
0 0.5612980769230769 0.09375 0.028846153846153848 0.07451923076923077
0 0.5805288461538461 0.09375 0.021634615384615384 0.07692307692307693
0 0.5985576923076923 0.09254807692307693 0.02403846153846154 0.07211538461538461
2 0.6165865384615384 0.09134615384615384 0.026442307692307692 0.07451923076923077
4 0.6334134615384616 0.0889423076923077 0.02403846153846154 0.07932692307692307
8 0.6526442307692307 0.08774038461538461 0.028846153846153848 0.08173076923076923