0 0.6814903846153846 0.8629807692307693 0.019230769230769232 0.1201923076923077
1 0.6610576923076923 0.8677884615384616 0.018028846153846152 0.1201923076923077
2 0.6430288461538461 0.8677884615384616 0.018028846153846152 0.1201923076923077
3 0.6225961538461539 0.8677884615384616 0.019230769230769232 0.1201923076923077
3 0.6057692307692307 0.859375 0.015625 0.1201923076923077
3 0.5841346153846154 0.8653846153846154 0.018028846153846152 0.11658653846153846
0 0.5685096153846154 0.8617788461538461 0.018028846153846152 0.11658653846153846
3 0.7079326923076923 0.6730769230769231 0.025240384615384616 0.10817307692307693
2 0.6838942307692307 0.6682692307692307 0.014423076923076924 0.125
2 0.6586538461538461 0.6730769230769231 0.01201923076923077 0.125
3 0.6382211538461539 0.6730769230769231 0.021634615384615384 0.125
1 0.6081730769230769 0.6790865384615384 0.018028846153846152 0.1045673076923077
4 0.5901442307692307 0.6742788461538461 0.018028846153846152 0.1201923076923077
0 0.5709134615384616 0.6706730769230769 0.015625 0.1201923076923077
1 0.5504807692307693 0.6730769230769231 0.021634615384615384 0.10096153846153846
5 0.7091346153846154 0.42427884615384615 0.025240384615384616 0.13221153846153846
3 0.6838942307692307 0.41947115384615385 0.021634615384615384 0.13221153846153846
2 0.6598557692307693 0.2668269230769231 0.018028846153846152 0.10096153846153846
6 0.6394230769230769 0.265625 0.019230769230769232 0.1045673076923077
3 0.6177884615384616 0.2608173076923077 0.019230769230769232 0.1045673076923077
7 0.6021634615384616 0.25961538461538464 0.021634615384615384 0.11658653846153846
3 0.5805288461538461 0.25721153846153844 0.021634615384615384 0.11298076923076923
0 0.5637019230769231 0.2536057692307692 0.018028846153846152 0.1045673076923077
6 0.5420673076923077 0.24639423076923078 0.021634615384615384 0.10817307692307693
3 0.5228365384615384 0.24639423076923078 0.019230769230769232 0.10817307692307693
5 0.2956730769230769 0.3798076923076923 0.021634615384615384 0.11658653846153846
2 0.27163461538461536 0.38341346153846156 0.015625 0.11658653846153846
2 0.24519230769230768 0.38100961538461536 0.01201923076923077 0.1045673076923077
3 0.22596153846153846 0.38100961538461536 0.019230769230769232 0.11298076923076923
1 0.19591346153846154 0.3798076923076923 0.014423076923076924 0.10096153846153846
4 0.17908653846153846 0.3798076923076923 0.019230769230769232 0.10096153846153846
0 0.15745192307692307 0.3798076923076923 0.019230769230769232 0.11658653846153846
1 0.13701923076923078 0.3798076923076923 0.021634615384615384 0.11658653846153846