0 0.007211538461538462 0.078125 0.014423076923076924 0.055288461538461536
1 0.02403846153846154 0.07572115384615384 0.016826923076923076 0.052884615384615384
0 0.04807692307692308 0.07572115384615384 0.021634615384615384 0.04807692307692308
5 0.06971153846153846 0.07211538461538461 0.019230769230769232 0.06009615384615385
5 0.0889423076923077 0.06850961538461539 0.019230769230769232 0.055288461538461536
3 0.11177884615384616 0.07091346153846154 0.019230769230769232 0.0625
6 0.1310096153846154 0.06490384615384616 0.019230769230769232 0.055288461538461536
0 0.15264423076923078 0.06370192307692307 0.019230769230769232 0.0625
8 0.17548076923076922 0.0625 0.021634615384615384 0.052884615384615384
9 0.1971153846153846 0.06009615384615385 0.021634615384615384 0.06490384615384616
8 0.21995192307692307 0.0625 0.021634615384615384 0.052884615384615384
2 0.23918269230769232 0.06009615384615385 0.019230769230769232 0.052884615384615384
9 0.2608173076923077 0.055288461538461536 0.021634615384615384 0.052884615384615384
0 0.2932692307692308 0.21754807692307693 0.026442307692307692 0.0673076923076923
1 0.3112980769230769 0.21634615384615385 0.019230769230769232 0.0673076923076923
0 0.328125 0.21754807692307693 0.026442307692307692 0.07211538461538461
2 0.34615384615384615 0.21514423076923078 0.02403846153846154 0.07932692307692307
0 0.3641826923076923 0.2091346153846154 0.026442307692307692 0.07211538461538461
2 0.14543269230769232 0.6370192307692307 0.02403846153846154 0.07451923076923077
2 0.1622596153846154 0.6358173076923077 0.02403846153846154 0.07451923076923077
4 0.18028846153846154 0.6382211538461539 0.028846153846153848 0.07451923076923077
3 0.29927884615384615 0.6298076923076923 0.02403846153846154 0.07211538461538461
3 0.828125 0.7283653846153846 0.021634615384615384 0.0673076923076923
0 0.8461538461538461 0.7283653846153846 0.02403846153846154 0.07211538461538461
0 0.8641826923076923 0.7295673076923077 0.02403846153846154 0.07692307692307693
0 0.8798076923076923 0.7247596153846154 0.02403846153846154 0.07932692307692307
0 0.8990384615384616 0.71875 0.02403846153846154 0.08173076923076923
0 0.5144230769230769 0.8942307692307693 0.026442307692307692 0.0673076923076923
3 0.5300480769230769 0.8870192307692307 0.021634615384615384 0.07692307692307693
0 0.5492788461538461 0.8930288461538461 0.02403846153846154 0.07932692307692307
5 0.5685096153846154 0.890625 0.021634615384615384 0.06971153846153846
5 0.5841346153846154 0.8858173076923077 0.026442307692307692 0.07932692307692307
3 0.6033653846153846 0.8870192307692307 0.02403846153846154 0.07451923076923077
3 0.6177884615384616 0.8858173076923077 0.02403846153846154 0.08173076923076923
0 0.6382211538461539 0.8870192307692307 0.026442307692307692 0.07451923076923077
0 0.65625 0.8834134615384616 0.021634615384615384 0.07692307692307693
0 0.6742788461538461 0.8822115384615384 0.02403846153846154 0.07211538461538461
2 0.6923076923076923 0.8786057692307693 0.02403846153846154 0.07451923076923077
4 0.7091346153846154 0.8786057692307693 0.02403846153846154 0.07692307692307693
8 0.7283653846153846 0.8762019230769231 0.028846153846153848 0.08173076923076923