0 0.9591346153846154 0.9639423076923077 0.016826923076923076 0.052884615384615384
1 0.9375 0.9639423076923077 0.01201923076923077 0.052884615384615384
0 0.9134615384615384 0.9615384615384616 0.016826923076923076 0.04807692307692308
5 0.8918269230769231 0.9639423076923077 0.014423076923076924 0.057692307692307696
5 0.8713942307692307 0.9651442307692307 0.014423076923076924 0.055288461538461536
3 0.8497596153846154 0.9615384615384616 0.014423076923076924 0.0625
6 0.8293269230769231 0.9651442307692307 0.014423076923076924 0.055288461538461536
0 0.8076923076923077 0.9651442307692307 0.014423076923076924 0.0625
8 0.7848557692307693 0.9639423076923077 0.016826923076923076 0.052884615384615384
9 0.7632211538461539 0.9651442307692307 0.016826923076923076 0.0625
8 0.7403846153846154 0.9603365384615384 0.016826923076923076 0.052884615384615384
2 0.7211538461538461 0.9603365384615384 0.014423076923076924 0.052884615384615384
9 0.6995192307692307 0.9639423076923077 0.019230769230769232 0.052884615384615384
0 0.6814903846153846 0.7992788461538461 0.019230769230769232 0.0673076923076923
1 0.6634615384615384 0.7992788461538461 0.014423076923076924 0.0673076923076923
0 0.6466346153846154 0.796875 0.019230769230769232 0.06971153846153846
2 0.6286057692307693 0.796875 0.019230769230769232 0.07692307692307693
0 0.609375 0.8016826923076923 0.019230769230769232 0.06971153846153846
2 0.8653846153846154 0.3942307692307692 0.019230769230769232 0.07211538461538461
2 0.8485576923076923 0.3942307692307692 0.019230769230769232 0.07211538461538461
4 0.8305288461538461 0.390625 0.021634615384615384 0.07211538461538461
3 0.7115384615384616 0.38822115384615385 0.019230769230769232 0.06971153846153846
3 0.1935096153846154 0.2439903846153846 0.016826923076923076 0.0673076923076923
0 0.17548076923076922 0.24278846153846154 0.019230769230769232 0.06971153846153846
0 0.15745192307692307 0.23918269230769232 0.016826923076923076 0.07692307692307693
0 0.14182692307692307 0.24278846153846154 0.019230769230769232 0.07692307692307693
0 0.12139423076923077 0.24759615384615385 0.019230769230769232 0.08173076923076923
0 0.5204326923076923 0.10576923076923077 0.021634615384615384 0.0673076923076923
3 0.5036057692307693 0.11177884615384616 0.014423076923076924 0.07692307692307693
0 0.4855769230769231 0.1045673076923077 0.019230769230769232 0.07692307692307693
5 0.46634615384615385 0.1045673076923077 0.014423076923076924 0.06971153846153846
5 0.4495192307692308 0.10817307692307693 0.019230769230769232 0.07692307692307693
3 0.43028846153846156 0.10576923076923077 0.019230769230769232 0.07211538461538461
3 0.41586538461538464 0.10576923076923077 0.019230769230769232 0.08173076923076923
0 0.39663461538461536 0.10216346153846154 0.019230769230769232 0.07211538461538461
0 0.37740384615384615 0.1045673076923077 0.014423076923076924 0.07692307692307693
0 0.359375 0.1045673076923077 0.019230769230769232 0.06971153846153846
2 0.34134615384615385 0.10576923076923077 0.019230769230769232 0.07211538461538461
4 0.3245192307692308 0.1045673076923077 0.016826923076923076 0.07692307692307693
8 0.30528846153846156 0.10576923076923077 0.021634615384615384 0.08173076923076923