0 0.040865384615384616 0.036057692307692304 0.016826923076923076 0.05889423076923077
1 0.0625 0.036057692307692304 0.01201923076923077 0.051682692307692304
0 0.08413461538461539 0.03485576923076923 0.016826923076923076 0.055288461538461536
5 0.109375 0.039663461538461536 0.016826923076923076 0.051682692307692304
5 0.12860576923076922 0.036057692307692304 0.016826923076923076 0.05889423076923077
3 0.14903846153846154 0.038461538461538464 0.013221153846153846 0.0625
6 0.17067307692307693 0.036057692307692304 0.018028846153846152 0.05889423076923077
0 0.19230769230769232 0.038461538461538464 0.018028846153846152 0.055288461538461536
8 0.2127403846153846 0.036057692307692304 0.016826923076923076 0.05889423076923077
9 0.234375 0.036057692307692304 0.018028846153846152 0.05889423076923077
8 0.25721153846153844 0.036057692307692304 0.01201923076923077 0.05889423076923077
2 0.27884615384615385 0.039663461538461536 0.021634615384615384 0.05889423076923077
9 0.3004807692307692 0.036057692307692304 0.018028846153846152 0.06610576923076923
0 0.32091346153846156 0.18990384615384615 0.02283653846153846 0.06610576923076923
1 0.33774038461538464 0.1875 0.014423076923076924 0.06971153846153846
0 0.3557692307692308 0.1875 0.020432692307692308 0.06971153846153846
2 0.375 0.18990384615384615 0.016826923076923076 0.06610576923076923
0 0.39302884615384615 0.1875 0.018028846153846152 0.06971153846153846
2 0.13581730769230768 0.5985576923076923 0.016826923076923076 0.06610576923076923
2 0.15264423076923078 0.6009615384615384 0.018028846153846152 0.06971153846153846
4 0.17067307692307693 0.5985576923076923 0.016826923076923076 0.0733173076923077
3 0.28966346153846156 0.6009615384615384 0.020432692307692308 0.07692307692307693
3 0.8076923076923077 0.7524038461538461 0.018028846153846152 0.0733173076923077
0 0.8269230769230769 0.7475961538461539 0.018028846153846152 0.0733173076923077
0 0.8449519230769231 0.75 0.016826923076923076 0.07692307692307693
0 0.8629807692307693 0.7463942307692307 0.016826923076923076 0.07692307692307693
0 0.8822115384615384 0.7463942307692307 0.018028846153846152 0.08413461538461539
0 0.4795673076923077 0.8834134615384616 0.021634615384615384 0.06610576923076923
3 0.49759615384615385 0.8846153846153846 0.020432692307692308 0.06971153846153846
0 0.5168269230769231 0.8882211538461539 0.018028846153846152 0.07692307692307693
5 0.5348557692307693 0.8834134615384616 0.014423076923076924 0.08052884615384616
5 0.5528846153846154 0.8846153846153846 0.021634615384615384 0.07692307692307693
3 0.5709134615384616 0.8846153846153846 0.018028846153846152 0.0625
3 0.5877403846153846 0.8798076923076923 0.018028846153846152 0.08052884615384616
0 0.6045673076923077 0.8870192307692307 0.020432692307692308 0.0733173076923077
0 0.625 0.8870192307692307 0.020432692307692308 0.0733173076923077
0 0.6430288461538461 0.8882211538461539 0.02283653846153846 0.07692307692307693
2 0.6598557692307693 0.8870192307692307 0.020432692307692308 0.0733173076923077
4 0.6754807692307693 0.8882211538461539 0.018028846153846152 0.08413461538461539
8 0.6959134615384616 0.8882211538461539 0.02283653846153846 0.07692307692307693