0 0.9254807692307693 0.9807692307692307 0.02403846153846154 0.03365384615384615
1 0.9050480769230769 0.9819711538461539 0.016826923076923076 0.03125
0 0.8822115384615384 0.9807692307692307 0.02403846153846154 0.03365384615384615
5 0.8569711538461539 0.9783653846153846 0.021634615384615384 0.038461538461538464
5 0.8389423076923077 0.9783653846153846 0.02403846153846154 0.038461538461538464
3 0.8197115384615384 0.9747596153846154 0.019230769230769232 0.04567307692307692
6 0.7956730769230769 0.9759615384615384 0.02403846153846154 0.04326923076923077
0 0.7764423076923077 0.9759615384615384 0.02403846153846154 0.04326923076923077
8 0.7548076923076923 0.9747596153846154 0.02403846153846154 0.04567307692307692
9 0.7331730769230769 0.9735576923076923 0.02403846153846154 0.04807692307692308
8 0.7115384615384616 0.9735576923076923 0.019230769230769232 0.04807692307692308
2 0.6899038461538461 0.9711538461538461 0.028846153846153848 0.052884615384615384
9 0.6682692307692307 0.9699519230769231 0.02403846153846154 0.055288461538461536
0 0.6574519230769231 0.8221153846153846 0.026442307692307692 0.0673076923076923
1 0.640625 0.8233173076923077 0.019230769230769232 0.06971153846153846
0 0.6225961538461539 0.8221153846153846 0.026442307692307692 0.07211538461538461
2 0.6033653846153846 0.8185096153846154 0.021634615384615384 0.0673076923076923
0 0.5853365384615384 0.8197115384615384 0.02403846153846154 0.06971153846153846
2 0.8701923076923077 0.4266826923076923 0.021634615384615384 0.0673076923076923
2 0.8533653846153846 0.4230769230769231 0.02403846153846154 0.06971153846153846
4 0.8353365384615384 0.42427884615384615 0.021634615384615384 0.07451923076923077
3 0.7163461538461539 0.41346153846153844 0.026442307692307692 0.07932692307692307
3 0.21033653846153846 0.22716346153846154 0.02403846153846154 0.07451923076923077
0 0.19110576923076922 0.23076923076923078 0.02403846153846154 0.07451923076923077
0 0.17307692307692307 0.22596153846153846 0.021634615384615384 0.07692307692307693
0 0.15504807692307693 0.2283653846153846 0.021634615384615384 0.07692307692307693
0 0.13581730769230768 0.22716346153846154 0.02403846153846154 0.08413461538461539
0 0.546875 0.11899038461538461 0.026442307692307692 0.0673076923076923
3 0.5288461538461539 0.11658653846153846 0.026442307692307692 0.07211538461538461
0 0.5108173076923077 0.11177884615384616 0.02403846153846154 0.07692307692307693
5 0.49158653846153844 0.11538461538461539 0.019230769230769232 0.08173076923076923
5 0.4735576923076923 0.11298076923076923 0.026442307692307692 0.07932692307692307
3 0.45552884615384615 0.11177884615384616 0.021634615384615384 0.0625
3 0.4387019230769231 0.11538461538461539 0.02403846153846154 0.08173076923076923
0 0.4230769230769231 0.10697115384615384 0.026442307692307692 0.07451923076923077
0 0.4026442307692308 0.10576923076923077 0.026442307692307692 0.07451923076923077
0 0.38461538461538464 0.10216346153846154 0.028846153846153848 0.07932692307692307
2 0.36778846153846156 0.10336538461538461 0.026442307692307692 0.07451923076923077
4 0.35216346153846156 0.10096153846153846 0.02403846153846154 0.08413461538461539
8 0.3317307692307692 0.0985576923076923 0.028846153846153848 0.07932692307692307