3 0.2439903846153846 0.007211538461538462 0.026442307692307692 0.014423076923076924
6 0.265625 0.007211538461538462 0.03125 0.014423076923076924
0 0.28725961538461536 0.009615384615384616 0.03125 0.019230769230769232
8 0.30649038461538464 0.010817307692307692 0.03125 0.021634615384615384
9 0.328125 0.013221153846153846 0.03125 0.026442307692307692
8 0.34975961538461536 0.015625 0.026442307692307692 0.03125
2 0.3713942307692308 0.019230769230769232 0.036057692307692304 0.038461538461538464
9 0.3942307692307692 0.020432692307692308 0.03365384615384615 0.040865384615384616
0 0.38341346153846156 0.16105769230769232 0.036057692307692304 0.06971153846153846
1 0.40024038461538464 0.1622596153846154 0.026442307692307692 0.07211538461538461
0 0.4182692307692308 0.1658653846153846 0.03365384615384615 0.07211538461538461
2 0.4362980769230769 0.171875 0.028846153846153848 0.0673076923076923
0 0.4543269230769231 0.17307692307692307 0.03125 0.07211538461538461
2 0.12379807692307693 0.5276442307692307 0.028846153846153848 0.0673076923076923
2 0.13942307692307693 0.5324519230769231 0.03125 0.07211538461538461
4 0.15745192307692307 0.5336538461538461 0.03125 0.07451923076923077
3 0.27403846153846156 0.5588942307692307 0.03365384615384615 0.07932692307692307
3 0.7536057692307693 0.8064903846153846 0.03125 0.07451923076923077
0 0.7740384615384616 0.8052884615384616 0.03125 0.07451923076923077
0 0.7908653846153846 0.8112980769230769 0.03125 0.07932692307692307
0 0.8088942307692307 0.8112980769230769 0.03125 0.07932692307692307
0 0.828125 0.8149038461538461 0.03365384615384615 0.08653846153846154
0 0.40625 0.8725961538461539 0.03365384615384615 0.06971153846153846
3 0.42427884615384615 0.8774038461538461 0.03365384615384615 0.07211538461538461
0 0.4423076923076923 0.8846153846153846 0.03125 0.07932692307692307
5 0.46153846153846156 0.8834134615384616 0.028846153846153848 0.08173076923076923
5 0.47836538461538464 0.8882211538461539 0.036057692307692304 0.07932692307692307
3 0.4963942307692308 0.890625 0.028846153846153848 0.06490384615384616
3 0.5132211538461539 0.8894230769230769 0.03365384615384615 0.08173076923076923
0 0.5288461538461539 0.9002403846153846 0.03365384615384615 0.07692307692307693
0 0.5492788461538461 0.9038461538461539 0.03365384615384615 0.07692307692307693
0 0.5661057692307693 0.9086538461538461 0.036057692307692304 0.07932692307692307
2 0.5829326923076923 0.9098557692307693 0.03365384615384615 0.07692307692307693
4 0.5985576923076923 0.9146634615384616 0.03365384615384615 0.08653846153846154
8 0.6177884615384616 0.9182692307692307 0.036057692307692304 0.07932692307692307