3 0.234375 0.9903846153846154 0.026442307692307692 0.014423076923076924
6 0.25600961538461536 0.9903846153846154 0.03125 0.014423076923076924
0 0.27884615384615385 0.9879807692307693 0.028846153846153848 0.019230769230769232
8 0.2980769230769231 0.9867788461538461 0.028846153846153848 0.021634615384615384
9 0.31850961538461536 0.9855769230769231 0.03125 0.02403846153846154
8 0.34134615384615385 0.9831730769230769 0.02403846153846154 0.028846153846153848
2 0.3629807692307692 0.9783653846153846 0.03365384615384615 0.038461538461538464
9 0.3858173076923077 0.9771634615384616 0.03125 0.040865384615384616
0 0.37740384615384615 0.8365384615384616 0.03365384615384615 0.06971153846153846
1 0.3942307692307692 0.8353365384615384 0.026442307692307692 0.07211538461538461
0 0.41225961538461536 0.8329326923076923 0.03125 0.07211538461538461
2 0.43028846153846156 0.8269230769230769 0.028846153846153848 0.0673076923076923
0 0.4495192307692308 0.8269230769230769 0.028846153846153848 0.07211538461538461
2 0.12379807692307693 0.46634615384615385 0.028846153846153848 0.0673076923076923
2 0.140625 0.46033653846153844 0.028846153846153848 0.07211538461538461
4 0.15865384615384615 0.46033653846153844 0.028846153846153848 0.07451923076923077
3 0.27524038461538464 0.4375 0.03365384615384615 0.07932692307692307
3 0.7596153846153846 0.19831730769230768 0.03125 0.07451923076923077
0 0.7788461538461539 0.19951923076923078 0.03125 0.07451923076923077
0 0.796875 0.1935096153846154 0.028846153846153848 0.07932692307692307
0 0.8149038461538461 0.19471153846153846 0.028846153846153848 0.07932692307692307
0 0.8341346153846154 0.19110576923076922 0.03125 0.08653846153846154
0 0.41346153846153844 0.12620192307692307 0.03365384615384615 0.06971153846153846
3 0.43028846153846156 0.12139423076923077 0.03125 0.07211538461538461
0 0.4495192307692308 0.1141826923076923 0.03125 0.07932692307692307
5 0.4675480769230769 0.11658653846153846 0.028846153846153848 0.08173076923076923
5 0.4855769230769231 0.11177884615384616 0.03365384615384615 0.07932692307692307
3 0.5036057692307693 0.109375 0.028846153846153848 0.06490384615384616
3 0.5204326923076923 0.11057692307692307 0.03125 0.08173076923076923
0 0.5360576923076923 0.10096153846153846 0.03365384615384615 0.07692307692307693
0 0.5564903846153846 0.09735576923076923 0.03365384615384615 0.07692307692307693
0 0.5733173076923077 0.09254807692307693 0.036057692307692304 0.07932692307692307
2 0.5901442307692307 0.09134615384615384 0.03365384615384615 0.07692307692307693
4 0.6057692307692307 0.08774038461538461 0.03125 0.08653846153846154
8 0.625 0.08413461538461539 0.036057692307692304 0.07932692307692307