3 0.765625 0.9903846153846154 0.026442307692307692 0.014423076923076924
6 0.7439903846153846 0.9903846153846154 0.03125 0.014423076923076924
0 0.7235576923076923 0.9879807692307693 0.028846153846153848 0.019230769230769232
8 0.7019230769230769 0.9867788461538461 0.028846153846153848 0.021634615384615384
9 0.6814903846153846 0.9855769230769231 0.03125 0.02403846153846154
8 0.6586538461538461 0.9831730769230769 0.02403846153846154 0.028846153846153848
2 0.6394230769230769 0.9783653846153846 0.03365384615384615 0.038461538461538464
9 0.6165865384615384 0.9771634615384616 0.03125 0.040865384615384616
0 0.6225961538461539 0.8365384615384616 0.03365384615384615 0.06971153846153846
1 0.6057692307692307 0.8353365384615384 0.026442307692307692 0.07211538461538461
0 0.5877403846153846 0.8329326923076923 0.03125 0.07211538461538461
2 0.5697115384615384 0.8269230769230769 0.028846153846153848 0.0673076923076923
0 0.5504807692307693 0.8269230769230769 0.028846153846153848 0.07211538461538461
2 0.8762019230769231 0.46634615384615385 0.028846153846153848 0.0673076923076923
2 0.859375 0.46033653846153844 0.028846153846153848 0.07211538461538461
4 0.8413461538461539 0.46033653846153844 0.028846153846153848 0.07451923076923077
3 0.7247596153846154 0.4375 0.03365384615384615 0.07932692307692307
3 0.2403846153846154 0.19831730769230768 0.03125 0.07451923076923077
0 0.22115384615384615 0.19951923076923078 0.03125 0.07451923076923077
0 0.203125 0.1935096153846154 0.028846153846153848 0.07932692307692307
0 0.18509615384615385 0.19471153846153846 0.028846153846153848 0.07932692307692307
0 0.1658653846153846 0.19110576923076922 0.03125 0.08653846153846154
0 0.5865384615384616 0.12620192307692307 0.03365384615384615 0.06971153846153846
3 0.5697115384615384 0.12139423076923077 0.03125 0.07211538461538461
0 0.5504807692307693 0.1141826923076923 0.03125 0.07932692307692307
5 0.5324519230769231 0.11658653846153846 0.028846153846153848 0.08173076923076923
5 0.5144230769230769 0.11177884615384616 0.03365384615384615 0.07932692307692307
3 0.4963942307692308 0.109375 0.028846153846153848 0.06490384615384616
3 0.4795673076923077 0.11057692307692307 0.03125 0.08173076923076923
0 0.4639423076923077 0.10096153846153846 0.03365384615384615 0.07692307692307693
0 0.44350961538461536 0.09735576923076923 0.03365384615384615 0.07692307692307693
0 0.4266826923076923 0.09254807692307693 0.036057692307692304 0.07932692307692307
2 0.4098557692307692 0.09134615384615384 0.03365384615384615 0.07692307692307693
4 0.3942307692307692 0.08774038461538461 0.03125 0.08653846153846154
8 0.375 0.08413461538461539 0.036057692307692304 0.07932692307692307