0 0.6790865384615384 0.875 0.021634615384615384 0.1201923076923077
1 0.6574519230769231 0.875 0.018028846153846152 0.13701923076923078
2 0.6394230769230769 0.8810096153846154 0.01201923076923077 0.140625
3 0.6213942307692307 0.8798076923076923 0.015625 0.1201923076923077
3 0.5997596153846154 0.8834134615384616 0.019230769230769232 0.12860576923076922
3 0.5793269230769231 0.8653846153846154 0.018028846153846152 0.14903846153846154
8 0.5600961538461539 0.875 0.018028846153846152 0.12860576923076922
3 0.7019230769230769 0.6971153846153846 0.019230769230769232 0.10817307692307693
2 0.6814903846153846 0.6887019230769231 0.018028846153846152 0.125
2 0.6526442307692307 0.6971153846153846 0.014423076923076924 0.11658653846153846
3 0.6334134615384616 0.6923076923076923 0.02283653846153846 0.13221153846153846
1 0.6033653846153846 0.6923076923076923 0.019230769230769232 0.13221153846153846
4 0.5853365384615384 0.6850961538461539 0.015625 0.13221153846153846
0 0.5661057692307693 0.6826923076923077 0.01201923076923077 0.13701923076923078
1 0.5456730769230769 0.6862980769230769 0.021634615384615384 0.13701923076923078
5 0.703125 0.42788461538461536 0.019230769230769232 0.11658653846153846
3 0.6814903846153846 0.4254807692307692 0.02283653846153846 0.12860576923076922
2 0.6538461538461539 0.265625 0.015625 0.1201923076923077
6 0.6346153846153846 0.27163461538461536 0.021634615384615384 0.11658653846153846
3 0.6129807692307693 0.2692307692307692 0.018028846153846152 0.11298076923076923
6 0.5961538461538461 0.27524038461538464 0.015625 0.11658653846153846
3 0.5757211538461539 0.26322115384615385 0.018028846153846152 0.08413461538461539
9 0.5552884615384616 0.26322115384615385 0.015625 0.08413461538461539
9 0.5348557692307693 0.2608173076923077 0.018028846153846152 0.08052884615384616
9 0.515625 0.26322115384615385 0.025240384615384616 0.09254807692307693
5 0.29086538461538464 0.38341346153846156 0.02283653846153846 0.13221153846153846
2 0.26802884615384615 0.3870192307692308 0.015625 0.13221153846153846
2 0.23798076923076922 0.3954326923076923 0.01201923076923077 0.11658653846153846
3 0.22115384615384615 0.3918269230769231 0.018028846153846152 0.125
1 0.19110576923076922 0.39903846153846156 0.018028846153846152 0.13221153846153846
4 0.171875 0.3894230769230769 0.019230769230769232 0.12860576923076922
0 0.15264423076923078 0.3918269230769231 0.019230769230769232 0.14903846153846154
1 0.13221153846153846 0.3870192307692308 0.02283653846153846 0.10817307692307693