1 0.003605769230769231 0.11177884615384616 0.007211538461538462 0.055288461538461536
0 0.016826923076923076 0.10576923076923077 0.026442307692307692 0.057692307692307696
5 0.042067307692307696 0.10697115384615384 0.02403846153846154 0.052884615384615384
5 0.06009615384615385 0.09975961538461539 0.026442307692307692 0.06009615384615385
3 0.08173076923076923 0.0985576923076923 0.021634615384615384 0.06490384615384616
6 0.10216346153846154 0.09375 0.026442307692307692 0.06009615384615385
0 0.12379807692307693 0.09254807692307693 0.026442307692307692 0.057692307692307696
8 0.14423076923076922 0.08653846153846154 0.026442307692307692 0.06009615384615385
9 0.16466346153846154 0.0829326923076923 0.026442307692307692 0.06009615384615385
8 0.1875 0.07932692307692307 0.021634615384615384 0.06009615384615385
2 0.2091346153846154 0.07932692307692307 0.03125 0.0625
9 0.23076923076923078 0.0733173076923077 0.028846153846153848 0.0673076923076923
0 0.27403846153846156 0.22115384615384615 0.03365384615384615 0.06971153846153846
1 0.29086538461538464 0.21634615384615385 0.02403846153846154 0.07211538461538461
0 0.3088942307692308 0.21394230769230768 0.03125 0.07211538461538461
2 0.328125 0.2127403846153846 0.026442307692307692 0.0673076923076923
0 0.3449519230769231 0.20793269230769232 0.028846153846153848 0.07211538461538461
2 0.15625 0.6538461538461539 0.026442307692307692 0.0673076923076923
2 0.17307692307692307 0.6538461538461539 0.028846153846153848 0.07211538461538461
4 0.18990384615384615 0.6490384615384616 0.028846153846153848 0.07451923076923077
3 0.3076923076923077 0.6322115384615384 0.03125 0.07932692307692307
3 0.84375 0.7007211538461539 0.028846153846153848 0.07451923076923077
0 0.8617788461538461 0.6935096153846154 0.028846153846153848 0.07451923076923077
0 0.8798076923076923 0.6935096153846154 0.028846153846153848 0.07932692307692307
0 0.8966346153846154 0.6862980769230769 0.028846153846153848 0.07932692307692307
0 0.9158653846153846 0.6838942307692307 0.03125 0.08653846153846154
0 0.5396634615384616 0.8822115384615384 0.03125 0.06971153846153846
3 0.5576923076923077 0.8798076923076923 0.03125 0.07211538461538461
0 0.5769230769230769 0.8810096153846154 0.028846153846153848 0.07932692307692307
5 0.5949519230769231 0.8737980769230769 0.026442307692307692 0.08173076923076923
5 0.6129807692307693 0.8713942307692307 0.03365384615384615 0.07932692307692307
3 0.6298076923076923 0.8689903846153846 0.026442307692307692 0.06490384615384616
3 0.6466346153846154 0.8617788461538461 0.03125 0.08173076923076923
0 0.6634615384615384 0.8653846153846154 0.03125 0.07451923076923077
0 0.6838942307692307 0.8629807692307693 0.03125 0.07451923076923077
0 0.7019230769230769 0.8605769230769231 0.03365384615384615 0.07932692307692307
2 0.71875 0.8569711538461539 0.03125 0.07451923076923077
4 0.734375 0.8557692307692307 0.03125 0.08653846153846154
8 0.7548076923076923 0.8533653846153846 0.03365384615384615 0.07932692307692307