0 0.9903846153846154 0.8786057692307693 0.014423076923076924 0.06009615384615385
5 0.9711538461538461 0.8774038461538461 0.026442307692307692 0.052884615384615384
5 0.953125 0.8846153846153846 0.028846153846153848 0.06009615384615385
3 0.9326923076923077 0.8858173076923077 0.02403846153846154 0.06490384615384616
6 0.9122596153846154 0.8930288461538461 0.028846153846153848 0.06009615384615385
0 0.890625 0.8942307692307693 0.028846153846153848 0.057692307692307696
8 0.8701923076923077 0.9002403846153846 0.028846153846153848 0.06009615384615385
9 0.8497596153846154 0.9050480769230769 0.028846153846153848 0.06009615384615385
8 0.8269230769230769 0.9086538461538461 0.02403846153846154 0.06009615384615385
2 0.8052884615384616 0.9098557692307693 0.03365384615384615 0.0625
9 0.7848557692307693 0.9170673076923077 0.03125 0.0673076923076923
0 0.734375 0.7704326923076923 0.036057692307692304 0.06971153846153846
1 0.71875 0.7752403846153846 0.026442307692307692 0.07211538461538461
0 0.7007211538461539 0.7788461538461539 0.03365384615384615 0.07211538461538461
2 0.6814903846153846 0.7800480769230769 0.028846153846153848 0.0673076923076923
0 0.6646634615384616 0.7860576923076923 0.03125 0.07211538461538461
2 0.8389423076923077 0.33413461538461536 0.028846153846153848 0.0673076923076923
2 0.8221153846153846 0.33413461538461536 0.03125 0.07211538461538461
4 0.8040865384615384 0.3401442307692308 0.03125 0.07451923076923077
3 0.6875 0.3605769230769231 0.03365384615384615 0.07932692307692307
3 0.1502403846153846 0.3112980769230769 0.03125 0.07451923076923077
0 0.13221153846153846 0.31971153846153844 0.03125 0.07451923076923077
0 0.1141826923076923 0.32091346153846156 0.03125 0.07932692307692307
0 0.09615384615384616 0.3269230769230769 0.03125 0.07932692307692307
0 0.078125 0.33052884615384615 0.03365384615384615 0.08653846153846154
0 0.44711538461538464 0.1201923076923077 0.03365384615384615 0.06971153846153846
3 0.42908653846153844 0.12139423076923077 0.03365384615384615 0.07211538461538461
0 0.4098557692307692 0.12259615384615384 0.03125 0.07932692307692307
5 0.39302884615384615 0.12980769230769232 0.028846153846153848 0.08173076923076923
5 0.375 0.13221153846153846 0.036057692307692304 0.07932692307692307
3 0.35697115384615385 0.13581730769230768 0.028846153846153848 0.06490384615384616
3 0.34134615384615385 0.14423076923076922 0.03365384615384615 0.08173076923076923
0 0.3233173076923077 0.140625 0.03365384615384615 0.07692307692307693
0 0.30288461538461536 0.14423076923076922 0.03365384615384615 0.07692307692307693
0 0.2860576923076923 0.1466346153846154 0.036057692307692304 0.07932692307692307
2 0.2692307692307692 0.1502403846153846 0.03365384615384615 0.07692307692307693
4 0.2536057692307692 0.15264423076923078 0.03365384615384615 0.08653846153846154
8 0.23317307692307693 0.15625 0.036057692307692304 0.07932692307692307