0 0.9831730769230769 0.06009615384615385 0.021634615384615384 0.04807692307692308
1 0.9615384615384616 0.0625 0.01201923076923077 0.055288461538461536
0 0.9399038461538461 0.06490384615384616 0.02403846153846154 0.0625
5 0.9158653846153846 0.06129807692307692 0.016826923076923076 0.0673076923076923
5 0.8978365384615384 0.06009615384615385 0.016826923076923076 0.052884615384615384
3 0.8774038461538461 0.057692307692307696 0.016826923076923076 0.055288461538461536
6 0.8533653846153846 0.057692307692307696 0.019230769230769232 0.06009615384615385
0 0.8317307692307693 0.056490384615384616 0.019230769230769232 0.06009615384615385
8 0.8100961538461539 0.057692307692307696 0.016826923076923076 0.0625
9 0.7884615384615384 0.054086538461538464 0.016826923076923076 0.06009615384615385
8 0.7668269230769231 0.055288461538461536 0.016826923076923076 0.0625
2 0.7451923076923077 0.05048076923076923 0.019230769230769232 0.055288461538461536
9 0.7235576923076923 0.04927884615384615 0.016826923076923076 0.0625
0 0.6911057692307693 0.20673076923076922 0.02403846153846154 0.0673076923076923
1 0.6730769230769231 0.2091346153846154 0.016826923076923076 0.0673076923076923
0 0.65625 0.20552884615384615 0.026442307692307692 0.06971153846153846
2 0.6370192307692307 0.20793269230769232 0.021634615384615384 0.07451923076923077
0 0.6213942307692307 0.20432692307692307 0.026442307692307692 0.07692307692307693
2 0.8581730769230769 0.6274038461538461 0.019230769230769232 0.07692307692307693
2 0.8389423076923077 0.6262019230769231 0.021634615384615384 0.06971153846153846
4 0.8221153846153846 0.6213942307692307 0.021634615384615384 0.08413461538461539
3 0.6995192307692307 0.6201923076923077 0.021634615384615384 0.07451923076923077
3 0.17427884615384615 0.7427884615384616 0.016826923076923076 0.0673076923076923
0 0.15745192307692307 0.7415865384615384 0.019230769230769232 0.0673076923076923
0 0.140625 0.7355769230769231 0.026442307692307692 0.07692307692307693
0 0.12259615384615384 0.7415865384615384 0.021634615384615384 0.06971153846153846
0 0.10216346153846154 0.7331730769230769 0.02403846153846154 0.07692307692307693
0 0.4963942307692308 0.890625 0.026442307692307692 0.07451923076923077
3 0.47836538461538464 0.8918269230769231 0.021634615384615384 0.07692307692307693
0 0.45913461538461536 0.890625 0.026442307692307692 0.08413461538461539
5 0.4411057692307692 0.8918269230769231 0.021634615384615384 0.0673076923076923
5 0.42427884615384615 0.8882211538461539 0.021634615384615384 0.07692307692307693
3 0.40625 0.8870192307692307 0.021634615384615384 0.07692307692307693
3 0.390625 0.8834134615384616 0.021634615384615384 0.07692307692307693
0 0.3713942307692308 0.8858173076923077 0.02403846153846154 0.07692307692307693
0 0.35216346153846156 0.8834134615384616 0.021634615384615384 0.07451923076923077
0 0.33533653846153844 0.8834134615384616 0.02403846153846154 0.07692307692307693
2 0.3173076923076923 0.8846153846153846 0.02403846153846154 0.07451923076923077
4 0.29927884615384615 0.8846153846153846 0.021634615384615384 0.0673076923076923
8 0.2800480769230769 0.8834134615384616 0.021634615384615384 0.07451923076923077