0 0.9591346153846154 0.9651442307692307 0.018028846153846152 0.046875
1 0.9375 0.9615384615384616 0.008413461538461538 0.055288461538461536
0 0.9170673076923077 0.9579326923076923 0.021634615384615384 0.0625
5 0.8918269230769231 0.9603365384615384 0.014423076923076924 0.06610576923076923
5 0.8737980769230769 0.9603365384615384 0.013221153846153846 0.051682692307692304
3 0.8533653846153846 0.9615384615384616 0.014423076923076924 0.055288461538461536
6 0.8293269230769231 0.9603365384615384 0.016826923076923076 0.05889423076923077
0 0.8076923076923077 0.9603365384615384 0.016826923076923076 0.05889423076923077
8 0.7860576923076923 0.9579326923076923 0.014423076923076924 0.0625
9 0.7644230769230769 0.9603365384615384 0.014423076923076924 0.05889423076923077
8 0.7427884615384616 0.9579326923076923 0.014423076923076924 0.0625
2 0.7211538461538461 0.9615384615384616 0.016826923076923076 0.055288461538461536
9 0.6995192307692307 0.9615384615384616 0.014423076923076924 0.0625
0 0.6754807692307693 0.8028846153846154 0.020432692307692308 0.06610576923076923
1 0.6574519230769231 0.7992788461538461 0.013221153846153846 0.06610576923076923
0 0.640625 0.8016826923076923 0.021634615384615384 0.06971153846153846
2 0.6213942307692307 0.7992788461538461 0.016826923076923076 0.0733173076923077
0 0.6057692307692307 0.8016826923076923 0.021634615384615384 0.07692307692307693
2 0.8641826923076923 0.3918269230769231 0.014423076923076924 0.07692307692307693
2 0.8449519230769231 0.3918269230769231 0.018028846153846152 0.06971153846153846
4 0.828125 0.3954326923076923 0.016826923076923076 0.08413461538461539
3 0.7055288461538461 0.390625 0.016826923076923076 0.0733173076923077
3 0.1875 0.2403846153846154 0.014423076923076924 0.06610576923076923
0 0.17067307692307693 0.2403846153846154 0.016826923076923076 0.06610576923076923
0 0.15384615384615385 0.24639423076923078 0.02283653846153846 0.07692307692307693
0 0.13581730769230768 0.23918269230769232 0.016826923076923076 0.06971153846153846
0 0.11538461538461539 0.24639423076923078 0.020432692307692308 0.07692307692307693
0 0.5168269230769231 0.109375 0.021634615384615384 0.0733173076923077
3 0.4987980769230769 0.10817307692307693 0.016826923076923076 0.07692307692307693
0 0.4795673076923077 0.10817307692307693 0.021634615384615384 0.08413461538461539
5 0.46153846153846156 0.10576923076923077 0.018028846153846152 0.06610576923076923
5 0.44471153846153844 0.10817307692307693 0.016826923076923076 0.07692307692307693
3 0.4266826923076923 0.10817307692307693 0.016826923076923076 0.07692307692307693
3 0.4110576923076923 0.11177884615384616 0.018028846153846152 0.07692307692307693
0 0.3918269230769231 0.10817307692307693 0.020432692307692308 0.07692307692307693
0 0.37259615384615385 0.109375 0.018028846153846152 0.0733173076923077
0 0.3557692307692308 0.10817307692307693 0.020432692307692308 0.07692307692307693
2 0.33774038461538464 0.10576923076923077 0.020432692307692308 0.0733173076923077
4 0.31971153846153844 0.10576923076923077 0.018028846153846152 0.06610576923076923
8 0.3004807692307692 0.10576923076923077 0.018028846153846152 0.0733173076923077