0 0.15144230769230768 0.9879807692307693 0.03365384615384615 0.019230769230769232
5 0.17668269230769232 0.9867788461538461 0.026442307692307692 0.021634615384615384
5 0.1935096153846154 0.9891826923076923 0.021634615384615384 0.016826923076923076
3 0.21394230769230768 0.9867788461538461 0.02403846153846154 0.021634615384615384
6 0.23918269230769232 0.984375 0.026442307692307692 0.026442307692307692
0 0.2608173076923077 0.9831730769230769 0.026442307692307692 0.028846153846153848
8 0.2800480769230769 0.9783653846153846 0.026442307692307692 0.038461538461538464
9 0.30288461538461536 0.9795673076923077 0.02403846153846154 0.036057692307692304
8 0.3233173076923077 0.9759615384615384 0.026442307692307692 0.04326923076923077
2 0.3449519230769231 0.9783653846153846 0.026442307692307692 0.038461538461538464
9 0.36658653846153844 0.9747596153846154 0.026442307692307692 0.04567307692307692
0 0.36778846153846156 0.8245192307692307 0.028846153846153848 0.0673076923076923
1 0.3858173076923077 0.8185096153846154 0.021634615384615384 0.0673076923076923
0 0.4026442307692308 0.8185096153846154 0.03125 0.07211538461538461
2 0.421875 0.8137019230769231 0.026442307692307692 0.07451923076923077
0 0.4375 0.8137019230769231 0.03125 0.07932692307692307
2 0.12379807692307693 0.44350961538461536 0.02403846153846154 0.07932692307692307
2 0.14302884615384615 0.4411057692307692 0.026442307692307692 0.07211538461538461
4 0.16105769230769232 0.4423076923076923 0.028846153846153848 0.08653846153846154
3 0.28125 0.4206730769230769 0.026442307692307692 0.07451923076923077
3 0.7728365384615384 0.19951923076923078 0.02403846153846154 0.0673076923076923
0 0.7896634615384616 0.1971153846153846 0.026442307692307692 0.0673076923076923
0 0.8076923076923077 0.20072115384615385 0.03365384615384615 0.07932692307692307
0 0.8245192307692307 0.19110576923076922 0.026442307692307692 0.07211538461538461
0 0.8461538461538461 0.19591346153846154 0.03125 0.07932692307692307
0 0.42908653846153844 0.11538461538461539 0.03125 0.07451923076923077
3 0.44711538461538464 0.11177884615384616 0.026442307692307692 0.07932692307692307
0 0.4651442307692308 0.109375 0.03365384615384615 0.08653846153846154
5 0.4831730769230769 0.1045673076923077 0.026442307692307692 0.0673076923076923
5 0.5 0.1045673076923077 0.026442307692307692 0.07932692307692307
3 0.5180288461538461 0.10216346153846154 0.026442307692307692 0.07932692307692307
3 0.5336538461538461 0.10336538461538461 0.028846153846153848 0.07932692307692307
0 0.5528846153846154 0.09735576923076923 0.03125 0.07932692307692307
0 0.5721153846153846 0.09495192307692307 0.028846153846153848 0.07451923076923077
0 0.5877403846153846 0.09134615384615384 0.03125 0.07932692307692307
2 0.6057692307692307 0.08653846153846154 0.03125 0.07451923076923077
4 0.6237980769230769 0.08413461538461539 0.026442307692307692 0.0673076923076923
8 0.6430288461538461 0.08173076923076923 0.028846153846153848 0.07451923076923077