0 0.9182692307692307 0.9879807692307693 0.02403846153846154 0.019230769230769232
1 0.8966346153846154 0.9831730769230769 0.014423076923076924 0.028846153846153848
0 0.875 0.9783653846153846 0.028846153846153848 0.038461538461538464
5 0.8497596153846154 0.9783653846153846 0.021634615384615384 0.038461538461538464
5 0.8317307692307693 0.9807692307692307 0.019230769230769232 0.03365384615384615
3 0.8112980769230769 0.9795673076923077 0.021634615384615384 0.036057692307692304
6 0.7884615384615384 0.9771634615384616 0.02403846153846154 0.040865384615384616
0 0.7668269230769231 0.9759615384615384 0.02403846153846154 0.04326923076923077
8 0.7463942307692307 0.9735576923076923 0.021634615384615384 0.04807692307692308
9 0.7247596153846154 0.9747596153846154 0.021634615384615384 0.04567307692307692
8 0.703125 0.9711538461538461 0.021634615384615384 0.052884615384615384
2 0.6802884615384616 0.9735576923076923 0.02403846153846154 0.04807692307692308
9 0.6598557692307693 0.9711538461538461 0.021634615384615384 0.052884615384615384
0 0.6478365384615384 0.8173076923076923 0.026442307692307692 0.0673076923076923
1 0.6310096153846154 0.8112980769230769 0.019230769230769232 0.0673076923076923
0 0.6141826923076923 0.8125 0.026442307692307692 0.07211538461538461
2 0.5949519230769231 0.8088942307692307 0.02403846153846154 0.07451923076923077
0 0.5793269230769231 0.8100961538461539 0.028846153846153848 0.07932692307692307
2 0.8725961538461539 0.42427884615384615 0.021634615384615384 0.07692307692307693
2 0.8533653846153846 0.421875 0.02403846153846154 0.07211538461538461
4 0.8365384615384616 0.42427884615384615 0.02403846153846154 0.08413461538461539
3 0.7139423076923077 0.40865384615384615 0.02403846153846154 0.07451923076923077
3 0.21153846153846154 0.21394230769230768 0.019230769230769232 0.0673076923076923
0 0.19471153846153846 0.2127403846153846 0.021634615384615384 0.0673076923076923
0 0.17668269230769232 0.21754807692307693 0.028846153846153848 0.07932692307692307
0 0.15985576923076922 0.20793269230769232 0.02403846153846154 0.06971153846153846
0 0.13942307692307693 0.21394230769230768 0.026442307692307692 0.07932692307692307
0 0.5504807692307693 0.11177884615384616 0.028846153846153848 0.07451923076923077
3 0.5324519230769231 0.109375 0.02403846153846154 0.07692307692307693
0 0.5132211538461539 0.10817307692307693 0.028846153846153848 0.08653846153846154
5 0.4963942307692308 0.10336538461538461 0.02403846153846154 0.0673076923076923
5 0.4795673076923077 0.1045673076923077 0.02403846153846154 0.07692307692307693
3 0.46153846153846156 0.10336538461538461 0.02403846153846154 0.07692307692307693
3 0.44471153846153844 0.10576923076923077 0.02403846153846154 0.07932692307692307
0 0.4266826923076923 0.09975961538461539 0.026442307692307692 0.07932692307692307
0 0.4074519230769231 0.09975961538461539 0.02403846153846154 0.07451923076923077
0 0.390625 0.09735576923076923 0.026442307692307692 0.07932692307692307
2 0.37259615384615385 0.09254807692307693 0.026442307692307692 0.07451923076923077
4 0.3545673076923077 0.09134615384615384 0.02403846153846154 0.0673076923076923
8 0.33533653846153844 0.09014423076923077 0.02403846153846154 0.07451923076923077