0 0.9831730769230769 0.8870192307692307 0.03125 0.06490384615384616
5 0.9591346153846154 0.8930288461538461 0.02403846153846154 0.0673076923076923
5 0.9411057692307693 0.8966346153846154 0.021634615384615384 0.052884615384615384
3 0.9206730769230769 0.9002403846153846 0.02403846153846154 0.057692307692307696
6 0.8978365384615384 0.9026442307692307 0.026442307692307692 0.06009615384615385
0 0.8762019230769231 0.90625 0.026442307692307692 0.06009615384615385
8 0.8545673076923077 0.9074519230769231 0.02403846153846154 0.06490384615384616
9 0.8329326923076923 0.9134615384615384 0.02403846153846154 0.06009615384615385
8 0.8112980769230769 0.9146634615384616 0.02403846153846154 0.06490384615384616
2 0.7908653846153846 0.9206730769230769 0.026442307692307692 0.057692307692307696
9 0.7692307692307693 0.9242788461538461 0.02403846153846154 0.06490384615384616
0 0.7211538461538461 0.7716346153846154 0.03125 0.0673076923076923
1 0.7019230769230769 0.7704326923076923 0.02403846153846154 0.0673076923076923
0 0.6862980769230769 0.7764423076923077 0.03125 0.07211538461538461
2 0.6670673076923077 0.7764423076923077 0.028846153846153848 0.07451923076923077
0 0.6514423076923077 0.78125 0.03365384615384615 0.07932692307692307
2 0.8425480769230769 0.33653846153846156 0.026442307692307692 0.07932692307692307
2 0.8233173076923077 0.3389423076923077 0.028846153846153848 0.07211538461538461
4 0.8076923076923077 0.3449519230769231 0.028846153846153848 0.08653846153846154
3 0.6862980769230769 0.359375 0.028846153846153848 0.07451923076923077
3 0.1502403846153846 0.2920673076923077 0.02403846153846154 0.0673076923076923
0 0.1346153846153846 0.2956730769230769 0.026442307692307692 0.0673076923076923
0 0.11899038461538461 0.30408653846153844 0.03365384615384615 0.07932692307692307
0 0.09975961538461539 0.29927884615384615 0.026442307692307692 0.07211538461538461
0 0.08052884615384616 0.31009615384615385 0.03125 0.07932692307692307
0 0.45552884615384615 0.11177884615384616 0.03365384615384615 0.07692307692307693
3 0.4375 0.11298076923076923 0.028846153846153848 0.07932692307692307
0 0.4182692307692308 0.11658653846153846 0.03365384615384615 0.08653846153846154
5 0.40024038461538464 0.11658653846153846 0.028846153846153848 0.0673076923076923
5 0.38461538461538464 0.12139423076923077 0.028846153846153848 0.07932692307692307
3 0.36658653846153844 0.125 0.028846153846153848 0.07932692307692307
3 0.35096153846153844 0.1310096153846154 0.028846153846153848 0.07932692307692307
0 0.3317307692307692 0.12980769230769232 0.03125 0.07932692307692307
0 0.3125 0.1346153846153846 0.028846153846153848 0.07451923076923077
0 0.2956730769230769 0.13581730769230768 0.03125 0.07932692307692307
2 0.2776442307692308 0.13581730769230768 0.03125 0.07451923076923077
4 0.2608173076923077 0.13942307692307693 0.028846153846153848 0.0673076923076923
8 0.24158653846153846 0.14182692307692307 0.028846153846153848 0.07451923076923077