0 0.04927884615384615 0.9735576923076923 0.019230769230769232 0.04807692307692308
1 0.07091346153846154 0.96875 0.009615384615384616 0.055288461538461536
0 0.09134615384615384 0.9651442307692307 0.021634615384615384 0.0625
5 0.11658653846153846 0.9651442307692307 0.016826923076923076 0.06490384615384616
5 0.1346153846153846 0.9663461538461539 0.014423076923076924 0.052884615384615384
3 0.15504807692307693 0.9675480769230769 0.014423076923076924 0.055288461538461536
6 0.17908653846153846 0.9663461538461539 0.016826923076923076 0.06009615384615385
0 0.20072115384615385 0.9651442307692307 0.016826923076923076 0.06009615384615385
8 0.22235576923076922 0.9627403846153846 0.014423076923076924 0.0625
9 0.2439903846153846 0.9651442307692307 0.014423076923076924 0.06009615384615385
8 0.265625 0.9615384615384616 0.014423076923076924 0.0625
2 0.28725961538461536 0.9651442307692307 0.016826923076923076 0.055288461538461536
9 0.3088942307692308 0.9651442307692307 0.014423076923076924 0.0625
0 0.3293269230769231 0.8064903846153846 0.021634615384615384 0.0673076923076923
1 0.3473557692307692 0.8016826923076923 0.014423076923076924 0.0673076923076923
0 0.3641826923076923 0.8040865384615384 0.02403846153846154 0.06971153846153846
2 0.38341346153846156 0.8016826923076923 0.019230769230769232 0.07451923076923077
0 0.39903846153846156 0.8028846153846154 0.02403846153846154 0.07692307692307693
2 0.13341346153846154 0.39783653846153844 0.016826923076923076 0.07692307692307693
2 0.15264423076923078 0.39783653846153844 0.019230769230769232 0.06971153846153846
4 0.17067307692307693 0.4014423076923077 0.019230769230769232 0.08413461538461539
3 0.2920673076923077 0.3942307692307692 0.019230769230769232 0.07451923076923077
3 0.8076923076923077 0.234375 0.014423076923076924 0.0673076923076923
0 0.8245192307692307 0.234375 0.016826923076923076 0.0673076923076923
0 0.8413461538461539 0.2403846153846154 0.02403846153846154 0.07692307692307693
0 0.859375 0.23317307692307693 0.019230769230769232 0.06971153846153846
0 0.8798076923076923 0.23918269230769232 0.021634615384615384 0.07692307692307693
0 0.47596153846153844 0.109375 0.02403846153846154 0.07451923076923077
3 0.49399038461538464 0.10817307692307693 0.019230769230769232 0.07692307692307693
0 0.5132211538461539 0.10817307692307693 0.02403846153846154 0.08413461538461539
5 0.53125 0.1045673076923077 0.019230769230769232 0.0673076923076923
5 0.5480769230769231 0.10697115384615384 0.019230769230769232 0.07692307692307693
3 0.5661057692307693 0.10697115384615384 0.019230769230769232 0.07692307692307693
3 0.5817307692307693 0.11057692307692307 0.019230769230769232 0.07692307692307693
0 0.6009615384615384 0.10576923076923077 0.021634615384615384 0.07692307692307693
0 0.6201923076923077 0.10697115384615384 0.019230769230769232 0.07451923076923077
0 0.6370192307692307 0.10576923076923077 0.021634615384615384 0.07692307692307693
2 0.6550480769230769 0.10336538461538461 0.021634615384615384 0.07451923076923077
4 0.6730769230769231 0.10216346153846154 0.019230769230769232 0.0673076923076923
8 0.6923076923076923 0.10216346153846154 0.019230769230769232 0.07451923076923077