1 0.009615384615384616 0.9050480769230769 0.014423076923076924 0.055288461538461536
0 0.030048076923076924 0.9038461538461539 0.028846153846153848 0.06490384615384616
5 0.055288461538461536 0.9086538461538461 0.021634615384615384 0.0673076923076923
5 0.0733173076923077 0.9110576923076923 0.019230769230769232 0.052884615384615384
3 0.09254807692307693 0.9146634615384616 0.021634615384615384 0.057692307692307696
6 0.11658653846153846 0.9170673076923077 0.02403846153846154 0.06009615384615385
0 0.13822115384615385 0.9194711538461539 0.02403846153846154 0.06009615384615385
8 0.15985576923076922 0.9194711538461539 0.021634615384615384 0.06490384615384616
9 0.1814903846153846 0.9242788461538461 0.021634615384615384 0.06009615384615385
8 0.203125 0.9254807692307693 0.021634615384615384 0.06490384615384616
2 0.2247596153846154 0.9314903846153846 0.02403846153846154 0.057692307692307696
9 0.24519230769230768 0.9338942307692307 0.021634615384615384 0.06490384615384616
0 0.28846153846153844 0.7788461538461539 0.028846153846153848 0.0673076923076923
1 0.3076923076923077 0.7776442307692307 0.021634615384615384 0.0673076923076923
0 0.3233173076923077 0.7824519230769231 0.028846153846153848 0.07211538461538461
2 0.3425480769230769 0.7824519230769231 0.026442307692307692 0.07451923076923077
0 0.3581730769230769 0.7860576923076923 0.03125 0.07932692307692307
2 0.15144230769230768 0.3485576923076923 0.02403846153846154 0.07692307692307693
2 0.17067307692307693 0.35096153846153844 0.026442307692307692 0.07211538461538461
4 0.1875 0.3557692307692308 0.026442307692307692 0.08653846153846154
3 0.3088942307692308 0.36658653846153844 0.026442307692307692 0.07451923076923077
3 0.8413461538461539 0.2800480769230769 0.021634615384615384 0.0673076923076923
0 0.8581730769230769 0.2824519230769231 0.02403846153846154 0.0673076923076923
0 0.875 0.29086538461538464 0.03125 0.07932692307692307
0 0.8930288461538461 0.2860576923076923 0.02403846153846154 0.07211538461538461
0 0.9122596153846154 0.2956730769230769 0.028846153846153848 0.07932692307692307
0 0.53125 0.11057692307692307 0.03125 0.07451923076923077
3 0.5492788461538461 0.11177884615384616 0.026442307692307692 0.07932692307692307
0 0.5685096153846154 0.1141826923076923 0.03125 0.08653846153846154
5 0.5865384615384616 0.11298076923076923 0.026442307692307692 0.0673076923076923
5 0.6021634615384616 0.11778846153846154 0.026442307692307692 0.07932692307692307
3 0.6201923076923077 0.1201923076923077 0.026442307692307692 0.07932692307692307
3 0.6358173076923077 0.125 0.026442307692307692 0.07932692307692307
0 0.6550480769230769 0.12379807692307693 0.028846153846153848 0.07932692307692307
0 0.6742788461538461 0.12740384615384615 0.026442307692307692 0.07451923076923077
0 0.6911057692307693 0.12860576923076922 0.028846153846153848 0.07932692307692307
2 0.7091346153846154 0.12860576923076922 0.028846153846153848 0.07451923076923077
4 0.7271634615384616 0.1310096153846154 0.026442307692307692 0.0673076923076923
8 0.7463942307692307 0.13341346153846154 0.026442307692307692 0.07451923076923077