0 0.3233173076923077 0.8689903846153846 0.019230769230769232 0.13221153846153846
1 0.3449519230769231 0.8713942307692307 0.019230769230769232 0.13701923076923078
2 0.36658653846153844 0.8737980769230769 0.015625 0.14903846153846154
3 0.38100961538461536 0.8737980769230769 0.018028846153846152 0.10817307692307693
3 0.4014423076923077 0.8629807692307693 0.015625 0.11298076923076923
3 0.421875 0.8617788461538461 0.018028846153846152 0.10817307692307693
7 0.4423076923076923 0.8677884615384616 0.021634615384615384 0.1045673076923077
3 0.2980769230769231 0.6802884615384616 0.026442307692307692 0.11658653846153846
2 0.32211538461538464 0.6850961538461539 0.018028846153846152 0.125
2 0.34975961538461536 0.6887019230769231 0.01201923076923077 0.11658653846153846
3 0.36899038461538464 0.6850961538461539 0.018028846153846152 0.125
1 0.40024038461538464 0.6790865384615384 0.015625 0.09615384615384616
4 0.4182692307692308 0.6802884615384616 0.015625 0.10096153846153846
0 0.4375 0.6802884615384616 0.019230769230769232 0.10817307692307693
1 0.453125 0.6802884615384616 0.015625 0.125
5 0.3004807692307692 0.41947115384615385 0.02283653846153846 0.11658653846153846
3 0.3245192307692308 0.41947115384615385 0.028846153846153848 0.125
2 0.34975961538461536 0.25961538461538464 0.01201923076923077 0.10817307692307693
6 0.3701923076923077 0.26322115384615385 0.019230769230769232 0.11658653846153846
3 0.390625 0.2536057692307692 0.018028846153846152 0.13701923076923078
6 0.4074519230769231 0.26322115384615385 0.015625 0.10817307692307693
3 0.42788461538461536 0.24519230769230768 0.021634615384615384 0.11298076923076923
9 0.44591346153846156 0.24639423076923078 0.018028846153846152 0.10817307692307693
6 0.4651442307692308 0.2536057692307692 0.018028846153846152 0.11298076923076923
7 0.4855769230769231 0.234375 0.02283653846153846 0.14903846153846154
5 0.7091346153846154 0.38341346153846156 0.028846153846153848 0.13221153846153846
2 0.7331730769230769 0.375 0.019230769230769232 0.14903846153846154
2 0.7632211538461539 0.375 0.015625 0.13221153846153846
3 0.78125 0.3894230769230769 0.021634615384615384 0.12860576923076922
1 0.8112980769230769 0.38341346153846156 0.021634615384615384 0.125
4 0.8329326923076923 0.3870192307692308 0.018028846153846152 0.10817307692307693
0 0.8497596153846154 0.38341346153846156 0.019230769230769232 0.125
1 0.8689903846153846 0.3798076923076923 0.02283653846153846 0.11658653846153846