6 0.265625 0.9915865384615384 0.026442307692307692 0.01201923076923077
0 0.28725961538461536 0.9903846153846154 0.026442307692307692 0.014423076923076924
8 0.3088942307692308 0.9903846153846154 0.026442307692307692 0.014423076923076924
9 0.33052884615384615 0.9855769230769231 0.026442307692307692 0.02403846153846154
8 0.35216346153846156 0.9855769230769231 0.026442307692307692 0.02403846153846154
2 0.37259615384615385 0.9819711538461539 0.028846153846153848 0.03125
9 0.3954326923076923 0.9783653846153846 0.03125 0.038461538461538464
0 0.3786057692307692 0.8137019230769231 0.03365384615384615 0.06971153846153846
1 0.39783653846153844 0.8149038461538461 0.026442307692307692 0.07211538461538461
0 0.41586538461538464 0.8076923076923077 0.03125 0.07211538461538461
2 0.4326923076923077 0.8004807692307693 0.03125 0.07211538461538461
0 0.4495192307692308 0.8004807692307693 0.03125 0.0673076923076923
2 0.11778846153846154 0.4423076923076923 0.028846153846153848 0.06490384615384616
2 0.1346153846153846 0.4411057692307692 0.028846153846153848 0.0673076923076923
4 0.15144230769230768 0.43509615384615385 0.03125 0.07211538461538461
3 0.26802884615384615 0.4050480769230769 0.03365384615384615 0.07211538461538461
3 0.7524038461538461 0.16826923076923078 0.02403846153846154 0.052884615384615384
0 0.7692307692307693 0.16466346153846154 0.028846153846153848 0.0673076923076923
0 0.7848557692307693 0.15865384615384615 0.028846153846153848 0.07451923076923077
0 0.8040865384615384 0.16105769230769232 0.03125 0.06490384615384616
0 0.8221153846153846 0.15144230769230768 0.03125 0.07451923076923077
0 0.4026442307692308 0.0985576923076923 0.036057692307692304 0.07692307692307693
3 0.421875 0.09254807692307693 0.026442307692307692 0.07211538461538461
0 0.4375 0.09014423076923077 0.03125 0.07932692307692307
5 0.4567307692307692 0.0889423076923077 0.03125 0.08173076923076923
5 0.4735576923076923 0.0829326923076923 0.03125 0.07932692307692307
3 0.4891826923076923 0.08173076923076923 0.03365384615384615 0.06971153846153846
3 0.5096153846153846 0.07932692307692307 0.03125 0.07932692307692307
0 0.5252403846153846 0.06850961538461539 0.028846153846153848 0.06490384615384616
0 0.5432692307692307 0.06610576923076923 0.036057692307692304 0.07211538461538461
0 0.5625 0.06490384615384616 0.03125 0.07211538461538461
2 0.5769230769230769 0.05889423076923077 0.03365384615384615 0.07932692307692307
4 0.5961538461538461 0.057692307692307696 0.03125 0.0673076923076923
8 0.6141826923076923 0.051682692307692304 0.03365384615384615 0.07211538461538461