0 0.9591346153846154 0.038461538461538464 0.016826923076923076 0.055288461538461536
1 0.9375 0.036057692307692304 0.01201923076923077 0.051682692307692304
0 0.9158653846153846 0.036057692307692304 0.020432692307692308 0.05889423076923077
5 0.8918269230769231 0.036057692307692304 0.014423076923076924 0.05889423076923077
5 0.8713942307692307 0.038461538461538464 0.014423076923076924 0.055288461538461536
3 0.8509615384615384 0.036057692307692304 0.013221153846153846 0.05889423076923077
6 0.8293269230769231 0.038461538461538464 0.013221153846153846 0.055288461538461536
0 0.8076923076923077 0.038461538461538464 0.014423076923076924 0.055288461538461536
8 0.7860576923076923 0.036057692307692304 0.014423076923076924 0.051682692307692304
9 0.7632211538461539 0.038461538461538464 0.014423076923076924 0.055288461538461536
8 0.7415865384615384 0.038461538461538464 0.014423076923076924 0.046875
2 0.7211538461538461 0.038461538461538464 0.016826923076923076 0.055288461538461536
9 0.6971153846153846 0.039663461538461536 0.016826923076923076 0.05889423076923077
0 0.6790865384615384 0.21514423076923078 0.021634615384615384 0.06610576923076923
1 0.6598557692307693 0.21033653846153846 0.013221153846153846 0.06971153846153846
0 0.6418269230769231 0.21394230769230768 0.018028846153846152 0.06971153846153846
2 0.6237980769230769 0.21754807692307693 0.018028846153846152 0.06971153846153846
0 0.6069711538461539 0.21514423076923078 0.018028846153846152 0.06610576923076923
2 0.8641826923076923 0.6298076923076923 0.018028846153846152 0.0625
2 0.8473557692307693 0.6274038461538461 0.016826923076923076 0.06610576923076923
4 0.8293269230769231 0.6298076923076923 0.018028846153846152 0.06971153846153846
3 0.7091346153846154 0.6370192307692307 0.020432692307692308 0.06971153846153846
3 0.18870192307692307 0.7776442307692307 0.014423076923076924 0.051682692307692304
0 0.171875 0.7776442307692307 0.016826923076923076 0.06610576923076923
0 0.15504807692307693 0.78125 0.014423076923076924 0.0733173076923077
0 0.13701923076923078 0.7752403846153846 0.020432692307692308 0.0625
0 0.11778846153846154 0.78125 0.018028846153846152 0.0733173076923077
0 0.5192307692307693 0.9122596153846154 0.02283653846153846 0.0733173076923077
3 0.4987980769230769 0.9146634615384616 0.013221153846153846 0.06971153846153846
0 0.4831730769230769 0.9146634615384616 0.016826923076923076 0.07692307692307693
5 0.4639423076923077 0.9122596153846154 0.016826923076923076 0.08052884615384616
5 0.44591346153846156 0.9146634615384616 0.016826923076923076 0.07692307692307693
3 0.43028846153846156 0.9122596153846154 0.020432692307692308 0.06610576923076923
3 0.4098557692307692 0.9110576923076923 0.016826923076923076 0.07692307692307693
0 0.39302884615384615 0.9182692307692307 0.018028846153846152 0.0625
0 0.375 0.9182692307692307 0.02283653846153846 0.06971153846153846
0 0.3557692307692308 0.9146634615384616 0.018028846153846152 0.06971153846153846
2 0.3401442307692308 0.9182692307692307 0.020432692307692308 0.07692307692307693
4 0.32091346153846156 0.9158653846153846 0.018028846153846152 0.06610576923076923
8 0.30288461538461536 0.9182692307692307 0.020432692307692308 0.06971153846153846