1 0.9891826923076923 0.09254807692307693 0.016826923076923076 0.055288461538461536
0 0.96875 0.09014423076923077 0.026442307692307692 0.06009615384615385
5 0.9459134615384616 0.08774038461538461 0.021634615384615384 0.06009615384615385
5 0.9242788461538461 0.08774038461538461 0.021634615384615384 0.057692307692307696
3 0.9050480769230769 0.08173076923076923 0.019230769230769232 0.06009615384615385
6 0.8834134615384616 0.08173076923076923 0.019230769230769232 0.055288461538461536
0 0.8617788461538461 0.07932692307692307 0.021634615384615384 0.057692307692307696
8 0.8401442307692307 0.07451923076923077 0.021634615384615384 0.052884615384615384
9 0.8173076923076923 0.07451923076923077 0.021634615384615384 0.057692307692307696
8 0.7956730769230769 0.07091346153846154 0.019230769230769232 0.04807692307692308
2 0.7752403846153846 0.06850961538461539 0.02403846153846154 0.057692307692307696
9 0.7512019230769231 0.0673076923076923 0.02403846153846154 0.06009615384615385
0 0.7127403846153846 0.23918269230769232 0.028846153846153848 0.0673076923076923
1 0.6935096153846154 0.23197115384615385 0.021634615384615384 0.06971153846153846
0 0.6754807692307693 0.23317307692307693 0.026442307692307692 0.07211538461538461
2 0.6574519230769231 0.234375 0.026442307692307692 0.07211538461538461
0 0.640625 0.23076923076923078 0.026442307692307692 0.0673076923076923
2 0.8461538461538461 0.6730769230769231 0.026442307692307692 0.06490384615384616
2 0.8293269230769231 0.6682692307692307 0.02403846153846154 0.0673076923076923
4 0.8112980769230769 0.6694711538461539 0.026442307692307692 0.07211538461538461
3 0.6911057692307693 0.6610576923076923 0.028846153846153848 0.07211538461538461
3 0.15745192307692307 0.7379807692307693 0.021634615384615384 0.052884615384615384
0 0.140625 0.7355769230769231 0.02403846153846154 0.0673076923076923
0 0.12379807692307693 0.7367788461538461 0.02403846153846154 0.07451923076923077
0 0.10576923076923077 0.7283653846153846 0.028846153846153848 0.06490384615384616
0 0.08653846153846154 0.7331730769230769 0.026442307692307692 0.07451923076923077
0 0.46875 0.9110576923076923 0.03125 0.07451923076923077
3 0.4483173076923077 0.9110576923076923 0.021634615384615384 0.06971153846153846
0 0.4326923076923077 0.9098557692307693 0.026442307692307692 0.07932692307692307
5 0.41346153846153844 0.9050480769230769 0.026442307692307692 0.08173076923076923
5 0.3954326923076923 0.9050480769230769 0.026442307692307692 0.07932692307692307
3 0.38100961538461536 0.9002403846153846 0.028846153846153848 0.0673076923076923
3 0.3605769230769231 0.8966346153846154 0.026442307692307692 0.07932692307692307
0 0.3425480769230769 0.9026442307692307 0.026442307692307692 0.06490384615384616
0 0.3245192307692308 0.9002403846153846 0.03125 0.07211538461538461
0 0.30649038461538464 0.8942307692307693 0.026442307692307692 0.07211538461538461
2 0.29086538461538464 0.8954326923076923 0.028846153846153848 0.07932692307692307
4 0.27163461538461536 0.890625 0.026442307692307692 0.0673076923076923
8 0.2536057692307692 0.890625 0.028846153846153848 0.07211538461538461