0 0.040865384615384616 0.9615384615384616 0.016826923076923076 0.055288461538461536
1 0.0625 0.9639423076923077 0.01201923076923077 0.051682692307692304
0 0.08413461538461539 0.9639423076923077 0.020432692307692308 0.05889423076923077
5 0.10817307692307693 0.9639423076923077 0.014423076923076924 0.05889423076923077
5 0.12860576923076922 0.9615384615384616 0.014423076923076924 0.055288461538461536
3 0.14903846153846154 0.9639423076923077 0.013221153846153846 0.05889423076923077
6 0.17067307692307693 0.9615384615384616 0.013221153846153846 0.055288461538461536
0 0.19230769230769232 0.9615384615384616 0.014423076923076924 0.055288461538461536
8 0.21394230769230768 0.9639423076923077 0.014423076923076924 0.051682692307692304
9 0.23677884615384615 0.9615384615384616 0.014423076923076924 0.055288461538461536
8 0.25841346153846156 0.9615384615384616 0.014423076923076924 0.046875
2 0.27884615384615385 0.9615384615384616 0.016826923076923076 0.055288461538461536
9 0.30288461538461536 0.9603365384615384 0.016826923076923076 0.05889423076923077
0 0.32091346153846156 0.7848557692307693 0.021634615384615384 0.06610576923076923
1 0.3401442307692308 0.7896634615384616 0.013221153846153846 0.06971153846153846
0 0.3581730769230769 0.7860576923076923 0.018028846153846152 0.06971153846153846
2 0.3762019230769231 0.7824519230769231 0.018028846153846152 0.06971153846153846
0 0.39302884615384615 0.7848557692307693 0.018028846153846152 0.06610576923076923
2 0.13581730769230768 0.3701923076923077 0.018028846153846152 0.0625
2 0.15264423076923078 0.37259615384615385 0.016826923076923076 0.06610576923076923
4 0.17067307692307693 0.3701923076923077 0.018028846153846152 0.06971153846153846
3 0.29086538461538464 0.3629807692307692 0.020432692307692308 0.06971153846153846
3 0.8112980769230769 0.22235576923076922 0.014423076923076924 0.051682692307692304
0 0.828125 0.22235576923076922 0.016826923076923076 0.06610576923076923
0 0.8449519230769231 0.21875 0.014423076923076924 0.0733173076923077
0 0.8629807692307693 0.2247596153846154 0.020432692307692308 0.0625
0 0.8822115384615384 0.21875 0.018028846153846152 0.0733173076923077
0 0.4807692307692308 0.08774038461538461 0.02283653846153846 0.0733173076923077
3 0.5012019230769231 0.08533653846153846 0.013221153846153846 0.06971153846153846
0 0.5168269230769231 0.08533653846153846 0.016826923076923076 0.07692307692307693
5 0.5360576923076923 0.08774038461538461 0.016826923076923076 0.08052884615384616
5 0.5540865384615384 0.08533653846153846 0.016826923076923076 0.07692307692307693
3 0.5697115384615384 0.08774038461538461 0.020432692307692308 0.06610576923076923
3 0.5901442307692307 0.0889423076923077 0.016826923076923076 0.07692307692307693
0 0.6069711538461539 0.08173076923076923 0.018028846153846152 0.0625
0 0.625 0.08173076923076923 0.02283653846153846 0.06971153846153846
0 0.6442307692307693 0.08533653846153846 0.018028846153846152 0.06971153846153846
2 0.6598557692307693 0.08173076923076923 0.020432692307692308 0.07692307692307693
4 0.6790865384615384 0.08413461538461539 0.018028846153846152 0.06610576923076923
8 0.6971153846153846 0.08173076923076923 0.020432692307692308 0.06971153846153846