0 0.10216346153846154 0.008413461538461538 0.026442307692307692 0.016826923076923076
1 0.12379807692307693 0.007211538461538462 0.021634615384615384 0.014423076923076924
0 0.14423076923076922 0.010817307692307692 0.028846153846153848 0.021634615384615384
5 0.16826923076923078 0.01201923076923077 0.02403846153846154 0.02403846153846154
5 0.1875 0.013221153846153846 0.02403846153846154 0.026442307692307692
3 0.20793269230769232 0.014423076923076924 0.021634615384615384 0.028846153846153848
6 0.22956730769230768 0.015625 0.021634615384615384 0.03125
0 0.25240384615384615 0.018028846153846152 0.02403846153846154 0.036057692307692304
8 0.27403846153846156 0.016826923076923076 0.02403846153846154 0.03365384615384615
9 0.2956730769230769 0.020432692307692308 0.02403846153846154 0.040865384615384616
8 0.3161057692307692 0.019230769230769232 0.021634615384615384 0.038461538461538464
2 0.33774038461538464 0.02283653846153846 0.026442307692307692 0.04567307692307692
9 0.36177884615384615 0.025240384615384616 0.026442307692307692 0.05048076923076923
0 0.35697115384615385 0.19591346153846154 0.028846153846153848 0.0673076923076923
1 0.3762019230769231 0.1935096153846154 0.021634615384615384 0.06971153846153846
0 0.3942307692307692 0.19831730769230768 0.026442307692307692 0.07211538461538461
2 0.4110576923076923 0.20432692307692307 0.026442307692307692 0.07211538461538461
0 0.42908653846153844 0.20432692307692307 0.026442307692307692 0.0673076923076923
2 0.12259615384615384 0.5841346153846154 0.026442307692307692 0.06490384615384616
2 0.13942307692307693 0.5841346153846154 0.02403846153846154 0.0673076923076923
4 0.15745192307692307 0.5889423076923077 0.026442307692307692 0.07211538461538461
3 0.27524038461538464 0.6105769230769231 0.028846153846153848 0.07211538461538461
3 0.7752403846153846 0.8137019230769231 0.021634615384615384 0.052884615384615384
0 0.7920673076923077 0.8161057692307693 0.02403846153846154 0.0673076923076923
0 0.8076923076923077 0.8209134615384616 0.02403846153846154 0.07451923076923077
0 0.8269230769230769 0.8173076923076923 0.028846153846153848 0.06490384615384616
0 0.8449519230769231 0.8257211538461539 0.026442307692307692 0.07451923076923077
0 0.43028846153846156 0.90625 0.03125 0.07451923076923077
3 0.45072115384615385 0.9122596153846154 0.021634615384615384 0.06971153846153846
0 0.46634615384615385 0.9134615384615384 0.026442307692307692 0.07932692307692307
5 0.4855769230769231 0.9134615384615384 0.026442307692307692 0.08173076923076923
5 0.5036057692307693 0.9182692307692307 0.026442307692307692 0.07932692307692307
3 0.5192307692307693 0.9182692307692307 0.028846153846153848 0.0673076923076923
3 0.5396634615384616 0.9194711538461539 0.026442307692307692 0.07932692307692307
0 0.5552884615384616 0.9278846153846154 0.026442307692307692 0.06490384615384616
0 0.5733173076923077 0.9302884615384616 0.03125 0.07211538461538461
0 0.5925480769230769 0.9290865384615384 0.026442307692307692 0.07211538461538461
2 0.6081730769230769 0.9350961538461539 0.028846153846153848 0.07932692307692307
4 0.6274038461538461 0.9350961538461539 0.026442307692307692 0.0673076923076923
8 0.6442307692307693 0.9387019230769231 0.028846153846153848 0.07211538461538461