0 0.013221153846153846 0.11658653846153846 0.026442307692307692 0.06490384615384616
5 0.03365384615384615 0.11057692307692307 0.02403846153846154 0.06009615384615385
5 0.054086538461538464 0.109375 0.02403846153846154 0.057692307692307696
3 0.0733173076923077 0.1045673076923077 0.02403846153846154 0.06009615384615385
6 0.09495192307692307 0.10216346153846154 0.021634615384615384 0.057692307692307696
0 0.11658653846153846 0.0985576923076923 0.02403846153846154 0.057692307692307696
8 0.13822115384615385 0.09254807692307693 0.02403846153846154 0.052884615384615384
9 0.16105769230769232 0.09134615384615384 0.02403846153846154 0.057692307692307696
8 0.1814903846153846 0.08774038461538461 0.021634615384615384 0.04807692307692308
2 0.20192307692307693 0.08413461538461539 0.026442307692307692 0.057692307692307696
9 0.22596153846153846 0.08052884615384616 0.026442307692307692 0.06009615384615385
0 0.27403846153846156 0.25 0.03365384615384615 0.06971153846153846
1 0.2920673076923077 0.24278846153846154 0.02403846153846154 0.07211538461538461
0 0.31009615384615385 0.24278846153846154 0.028846153846153848 0.07211538461538461
2 0.3293269230769231 0.24278846153846154 0.028846153846153848 0.07211538461538461
0 0.3449519230769231 0.23798076923076922 0.028846153846153848 0.0673076923076923
2 0.16346153846153846 0.6911057692307693 0.028846153846153848 0.06490384615384616
2 0.18028846153846154 0.6862980769230769 0.028846153846153848 0.0673076923076923
4 0.19831730769230768 0.6850961538461539 0.028846153846153848 0.07211538461538461
3 0.3173076923076923 0.6706730769230769 0.03125 0.07211538461538461
3 0.8545673076923077 0.7199519230769231 0.02403846153846154 0.052884615384615384
0 0.8713942307692307 0.7163461538461539 0.028846153846153848 0.0673076923076923
0 0.8882211538461539 0.7175480769230769 0.026442307692307692 0.07451923076923077
0 0.9050480769230769 0.7079326923076923 0.03125 0.06490384615384616
0 0.9254807692307693 0.7103365384615384 0.03125 0.07451923076923077
0 0.5528846153846154 0.9098557692307693 0.036057692307692304 0.07692307692307693
3 0.5733173076923077 0.9086538461538461 0.02403846153846154 0.07211538461538461
0 0.5889423076923077 0.9050480769230769 0.028846153846153848 0.07932692307692307
5 0.6069711538461539 0.9002403846153846 0.03125 0.08173076923076923
5 0.625 0.8990384615384616 0.028846153846153848 0.07932692307692307
3 0.640625 0.8942307692307693 0.03125 0.06971153846153846
3 0.6598557692307693 0.8894230769230769 0.028846153846153848 0.07932692307692307
0 0.6778846153846154 0.8930288461538461 0.028846153846153848 0.06490384615384616
0 0.6959134615384616 0.890625 0.03365384615384615 0.07211538461538461
0 0.7139423076923077 0.8834134615384616 0.028846153846153848 0.07211538461538461
2 0.7295673076923077 0.8846153846153846 0.03365384615384615 0.07932692307692307
4 0.7487980769230769 0.8786057692307693 0.028846153846153848 0.0673076923076923
8 0.7668269230769231 0.8774038461538461 0.03125 0.07211538461538461