0 0.6778846153846154 0.14903846153846154 0.018028846153846152 0.1045673076923077
1 0.65625 0.14423076923076922 0.018028846153846152 0.1045673076923077
2 0.6394230769230769 0.1466346153846154 0.018028846153846152 0.10096153846153846
3 0.6213942307692307 0.1502403846153846 0.019230769230769232 0.11658653846153846
3 0.5985576923076923 0.15264423076923078 0.015625 0.13701923076923078
3 0.5805288461538461 0.1502403846153846 0.018028846153846152 0.11658653846153846
6 0.5612980769230769 0.14903846153846154 0.021634615384615384 0.14423076923076922
3 0.7043269230769231 0.3449519230769231 0.028846153846153848 0.0889423076923077
2 0.6802884615384616 0.3473557692307692 0.019230769230769232 0.10096153846153846
2 0.6502403846153846 0.34975961538461536 0.018028846153846152 0.11298076923076923
3 0.6322115384615384 0.35096153846153844 0.021634615384615384 0.125
1 0.6045673076923077 0.34134615384615385 0.018028846153846152 0.1201923076923077
4 0.5853365384615384 0.3557692307692308 0.019230769230769232 0.11658653846153846
0 0.5637019230769231 0.3557692307692308 0.019230769230769232 0.140625
1 0.5420673076923077 0.35336538461538464 0.028846153846153848 0.13701923076923078
5 0.7019230769230769 0.6105769230769231 0.018028846153846152 0.1201923076923077
3 0.6814903846153846 0.6165865384615384 0.025240384615384616 0.140625
5 0.2932692307692308 0.6526442307692307 0.030048076923076924 0.140625
2 0.2704326923076923 0.6442307692307693 0.015625 0.11658653846153846
2 0.23918269230769232 0.6430288461538461 0.014423076923076924 0.13701923076923078
3 0.22115384615384615 0.6646634615384616 0.025240384615384616 0.15625
1 0.19110576923076922 0.6670673076923077 0.021634615384615384 0.13701923076923078
4 0.17307692307692307 0.6502403846153846 0.021634615384615384 0.13701923076923078
0 0.15504807692307693 0.6382211538461539 0.018028846153846152 0.14423076923076922
1 0.13221153846153846 0.6490384615384616 0.026442307692307692 0.10817307692307693
2 0.6502403846153846 0.7548076923076923 0.014423076923076924 0.13701923076923078
6 0.6358173076923077 0.7668269230769231 0.025240384615384616 0.1201923076923077
3 0.6129807692307693 0.7668269230769231 0.018028846153846152 0.15264423076923078
6 0.5949519230769231 0.7728365384615384 0.019230769230769232 0.16466346153846154
3 0.5745192307692307 0.7716346153846154 0.015625 0.12860576923076922
4 0.5564903846153846 0.7608173076923077 0.015625 0.13221153846153846
4 0.5360576923076923 0.7692307692307693 0.019230769230769232 0.140625
5 0.5120192307692307 0.7608173076923077 0.026442307692307692 0.11658653846153846