0 0.9002403846153846 0.9915865384615384 0.026442307692307692 0.01201923076923077
1 0.8786057692307693 0.9915865384615384 0.021634615384615384 0.01201923076923077
0 0.8557692307692307 0.9891826923076923 0.028846153846153848 0.016826923076923076
5 0.8341346153846154 0.9879807692307693 0.02403846153846154 0.019230769230769232
5 0.8125 0.9855769230769231 0.02403846153846154 0.02403846153846154
3 0.7920673076923077 0.9855769230769231 0.021634615384615384 0.02403846153846154
6 0.7704326923076923 0.984375 0.021634615384615384 0.026442307692307692
0 0.75 0.9819711538461539 0.02403846153846154 0.03125
8 0.7283653846153846 0.9831730769230769 0.02403846153846154 0.028846153846153848
9 0.7067307692307693 0.9795673076923077 0.02403846153846154 0.036057692307692304
8 0.6838942307692307 0.9807692307692307 0.021634615384615384 0.03365384615384615
2 0.6646634615384616 0.9771634615384616 0.026442307692307692 0.040865384615384616
9 0.640625 0.9735576923076923 0.026442307692307692 0.04807692307692308
0 0.6430288461538461 0.8040865384615384 0.028846153846153848 0.0673076923076923
1 0.6237980769230769 0.8064903846153846 0.021634615384615384 0.06971153846153846
0 0.6057692307692307 0.8016826923076923 0.026442307692307692 0.07211538461538461
2 0.5889423076923077 0.7956730769230769 0.026442307692307692 0.07211538461538461
0 0.5709134615384616 0.7956730769230769 0.026442307692307692 0.0673076923076923
2 0.8774038461538461 0.41586538461538464 0.026442307692307692 0.06490384615384616
2 0.8605769230769231 0.41586538461538464 0.02403846153846154 0.0673076923076923
4 0.8425480769230769 0.4110576923076923 0.026442307692307692 0.07211538461538461
3 0.7247596153846154 0.3894230769230769 0.028846153846153848 0.07211538461538461
3 0.2247596153846154 0.18629807692307693 0.021634615384615384 0.052884615384615384
0 0.20793269230769232 0.18389423076923078 0.02403846153846154 0.0673076923076923
0 0.19230769230769232 0.17908653846153846 0.02403846153846154 0.07451923076923077
0 0.17307692307692307 0.18269230769230768 0.028846153846153848 0.06490384615384616
0 0.15504807692307693 0.17427884615384615 0.026442307692307692 0.07451923076923077
0 0.5697115384615384 0.09375 0.03125 0.07451923076923077
3 0.5492788461538461 0.08774038461538461 0.021634615384615384 0.06971153846153846
0 0.5336538461538461 0.08653846153846154 0.026442307692307692 0.07932692307692307
5 0.5144230769230769 0.08653846153846154 0.026442307692307692 0.08173076923076923
5 0.4963942307692308 0.08173076923076923 0.026442307692307692 0.07932692307692307
3 0.4807692307692308 0.08173076923076923 0.028846153846153848 0.0673076923076923
3 0.46033653846153844 0.08052884615384616 0.026442307692307692 0.07932692307692307
0 0.44471153846153844 0.07211538461538461 0.026442307692307692 0.06490384615384616
0 0.4266826923076923 0.06971153846153846 0.03125 0.07211538461538461
0 0.4074519230769231 0.07091346153846154 0.026442307692307692 0.07211538461538461
2 0.3918269230769231 0.06490384615384616 0.028846153846153848 0.07932692307692307
4 0.37259615384615385 0.06490384615384616 0.026442307692307692 0.0673076923076923
8 0.3557692307692308 0.06129807692307692 0.028846153846153848 0.07211538461538461