0 0.9591346153846154 0.9603365384615384 0.016826923076923076 0.051682692307692304
1 0.9375 0.9639423076923077 0.013221153846153846 0.051682692307692304
0 0.9158653846153846 0.9651442307692307 0.016826923076923076 0.055288461538461536
5 0.8930288461538461 0.9639423076923077 0.014423076923076924 0.051682692307692304
5 0.8725961538461539 0.9615384615384616 0.013221153846153846 0.046875
3 0.8509615384615384 0.9615384615384616 0.014423076923076924 0.055288461538461536
6 0.8293269230769231 0.9603365384615384 0.014423076923076924 0.051682692307692304
0 0.8076923076923077 0.9603365384615384 0.014423076923076924 0.051682692307692304
8 0.7860576923076923 0.9615384615384616 0.014423076923076924 0.046875
9 0.7632211538461539 0.9615384615384616 0.014423076923076924 0.046875
8 0.7415865384615384 0.9615384615384616 0.013221153846153846 0.055288461538461536
2 0.7211538461538461 0.9615384615384616 0.016826923076923076 0.055288461538461536
9 0.6995192307692307 0.9639423076923077 0.016826923076923076 0.05889423076923077
0 0.6826923076923077 0.8028846153846154 0.020432692307692308 0.06610576923076923
1 0.6658653846153846 0.7992788461538461 0.014423076923076924 0.0733173076923077
0 0.6466346153846154 0.8088942307692307 0.018028846153846152 0.06971153846153846
0 0.6286057692307693 0.8064903846153846 0.018028846153846152 0.0733173076923077
6 0.6117788461538461 0.8052884615384616 0.020432692307692308 0.07692307692307693
7 0.8689903846153846 0.36658653846153844 0.020432692307692308 0.0625
0 0.8509615384615384 0.36538461538461536 0.020432692307692308 0.0733173076923077
0 0.8353365384615384 0.3629807692307692 0.018028846153846152 0.06971153846153846
7 0.8064903846153846 0.3629807692307692 0.016826923076923076 0.0625
4 0.7884615384615384 0.3581730769230769 0.020432692307692308 0.06610576923076923
2 0.7704326923076923 0.3629807692307692 0.016826923076923076 0.0625
1 0.6754807692307693 0.36177884615384615 0.013221153846153846 0.06610576923076923
2 0.6598557692307693 0.21033653846153846 0.020432692307692308 0.07692307692307693
0 0.6418269230769231 0.21153846153846154 0.018028846153846152 0.05889423076923077
1 0.625 0.20793269230769232 0.016826923076923076 0.0733173076923077
6 0.6069711538461539 0.21394230769230768 0.020432692307692308 0.07692307692307693
0 0.5889423076923077 0.20793269230769232 0.020432692307692308 0.06610576923076923
0 0.53125 0.06971153846153846 0.021634615384615384 0.05889423076923077
1 0.5144230769230769 0.06971153846153846 0.01201923076923077 0.05889423076923077
0 0.4963942307692308 0.06971153846153846 0.021634615384615384 0.06610576923076923
5 0.47716346153846156 0.07091346153846154 0.016826923076923076 0.0625
5 0.46153846153846156 0.06971153846153846 0.021634615384615384 0.05889423076923077
4 0.44350961538461536 0.06610576923076923 0.020432692307692308 0.05889423076923077
8 0.42427884615384615 0.0673076923076923 0.018028846153846152 0.0625
1 0.40865384615384615 0.06971153846153846 0.013221153846153846 0.06610576923076923
0 0.3894230769230769 0.06971153846153846 0.018028846153846152 0.0733173076923077
5 0.37259615384615385 0.06971153846153846 0.014423076923076924 0.06610576923076923
6 0.3545673076923077 0.06610576923076923 0.018028846153846152 0.06610576923076923
8 0.33653846153846156 0.06610576923076923 0.018028846153846152 0.0733173076923077
9 0.3173076923076923 0.06610576923076923 0.016826923076923076 0.06610576923076923