0 0.003605769230769231 0.09014423076923077 0.007211538461538462 0.055288461538461536
1 0.016826923076923076 0.08413461538461539 0.019230769230769232 0.052884615384615384
0 0.037259615384615384 0.08052884615384616 0.021634615384615384 0.057692307692307696
5 0.06009615384615385 0.07932692307692307 0.019230769230769232 0.052884615384615384
5 0.08173076923076923 0.08052884615384616 0.019230769230769232 0.04807692307692308
3 0.10216346153846154 0.078125 0.019230769230769232 0.057692307692307696
6 0.12379807692307693 0.07692307692307693 0.019230769230769232 0.052884615384615384
0 0.14543269230769232 0.07451923076923077 0.019230769230769232 0.052884615384615384
8 0.16706730769230768 0.07091346153846154 0.019230769230769232 0.04807692307692308
9 0.18990384615384615 0.06850961538461539 0.019230769230769232 0.04807692307692308
8 0.21153846153846154 0.06610576923076923 0.019230769230769232 0.055288461538461536
2 0.23197115384615385 0.06370192307692307 0.021634615384615384 0.057692307692307696
9 0.2536057692307692 0.05889423076923077 0.02403846153846154 0.06009615384615385
0 0.2860576923076923 0.21754807692307693 0.026442307692307692 0.0673076923076923
1 0.30408653846153844 0.21995192307692307 0.021634615384615384 0.07451923076923077
0 0.32211538461538464 0.20793269230769232 0.02403846153846154 0.07211538461538461
0 0.3401442307692308 0.2091346153846154 0.026442307692307692 0.07451923076923077
6 0.35697115384615385 0.20793269230769232 0.028846153846153848 0.07932692307692307
7 0.1466346153846154 0.6706730769230769 0.026442307692307692 0.06490384615384616
0 0.16466346153846154 0.6706730769230769 0.028846153846153848 0.07451923076923077
0 0.18028846153846154 0.671875 0.02403846153846154 0.07211538461538461
7 0.2091346153846154 0.6682692307692307 0.02403846153846154 0.06490384615384616
4 0.2283653846153846 0.6706730769230769 0.026442307692307692 0.0673076923076923
2 0.24519230769230768 0.6646634615384616 0.02403846153846154 0.06490384615384616
1 0.3401442307692308 0.65625 0.019230769230769232 0.0673076923076923
2 0.3713942307692308 0.8052884615384616 0.028846153846153848 0.07932692307692307
0 0.3894230769230769 0.8016826923076923 0.02403846153846154 0.06009615384615385
1 0.40625 0.8040865384615384 0.02403846153846154 0.07451923076923077
6 0.4230769230769231 0.7956730769230769 0.028846153846153848 0.07932692307692307
0 0.4423076923076923 0.7992788461538461 0.026442307692307692 0.0673076923076923
0 0.5144230769230769 0.9314903846153846 0.028846153846153848 0.06009615384615385
1 0.5300480769230769 0.9290865384615384 0.019230769230769232 0.06009615384615385
0 0.5480769230769231 0.9278846153846154 0.028846153846153848 0.0673076923076923
5 0.5673076923076923 0.9242788461538461 0.02403846153846154 0.06490384615384616
5 0.5829326923076923 0.9242788461538461 0.028846153846153848 0.06009615384615385
4 0.6009615384615384 0.9254807692307693 0.026442307692307692 0.06009615384615385
8 0.6201923076923077 0.921875 0.02403846153846154 0.06490384615384616
1 0.6358173076923077 0.9182692307692307 0.019230769230769232 0.0673076923076923
0 0.6550480769230769 0.9158653846153846 0.026442307692307692 0.07451923076923077
5 0.671875 0.9146634615384616 0.021634615384615384 0.0673076923076923
6 0.6899038461538461 0.9158653846153846 0.02403846153846154 0.0673076923076923
8 0.7079326923076923 0.9146634615384616 0.026442307692307692 0.07451923076923077
9 0.7271634615384616 0.9122596153846154 0.02403846153846154 0.0673076923076923