1 0.003605769230769231 0.11177884615384616 0.007211538461538462 0.055288461538461536
0 0.016826923076923076 0.10576923076923077 0.026442307692307692 0.057692307692307696
5 0.039663461538461536 0.10336538461538461 0.021634615384615384 0.052884615384615384
5 0.06009615384615385 0.10216346153846154 0.019230769230769232 0.04807692307692308
3 0.08173076923076923 0.0985576923076923 0.02403846153846154 0.057692307692307696
6 0.10216346153846154 0.09735576923076923 0.021634615384615384 0.052884615384615384
0 0.12379807692307693 0.09375 0.021634615384615384 0.052884615384615384
8 0.14543269230769232 0.0889423076923077 0.021634615384615384 0.04807692307692308
9 0.16826923076923078 0.08533653846153846 0.021634615384615384 0.04807692307692308
8 0.18870192307692307 0.08173076923076923 0.021634615384615384 0.057692307692307696
2 0.2091346153846154 0.07932692307692307 0.026442307692307692 0.057692307692307696
9 0.23076923076923078 0.0733173076923077 0.026442307692307692 0.06009615384615385
0 0.27163461538461536 0.22956730769230768 0.03125 0.0673076923076923
1 0.28966346153846156 0.23076923076923078 0.026442307692307692 0.07451923076923077
0 0.30649038461538464 0.21754807692307693 0.028846153846153848 0.07211538461538461
0 0.3245192307692308 0.21754807692307693 0.028846153846153848 0.07451923076923077
6 0.34134615384615385 0.21634615384615385 0.03125 0.07932692307692307
7 0.15625 0.6899038461538461 0.028846153846153848 0.06490384615384616
0 0.17427884615384615 0.6875 0.03125 0.07451923076923077
0 0.18990384615384615 0.6875 0.028846153846153848 0.07211538461538461
7 0.21875 0.6826923076923077 0.026442307692307692 0.06490384615384616
4 0.23677884615384615 0.6850961538461539 0.03125 0.0673076923076923
2 0.2548076923076923 0.6778846153846154 0.026442307692307692 0.06490384615384616
1 0.3485576923076923 0.6634615384615384 0.02403846153846154 0.0673076923076923
2 0.3870192307692308 0.8112980769230769 0.03125 0.07932692307692307
0 0.4050480769230769 0.8076923076923077 0.026442307692307692 0.06009615384615385
1 0.421875 0.8076923076923077 0.028846153846153848 0.07451923076923077
6 0.4387019230769231 0.7992788461538461 0.03125 0.07932692307692307
0 0.4579326923076923 0.8028846153846154 0.03125 0.0673076923076923
0 0.5360576923076923 0.9302884615384616 0.03125 0.0625
1 0.5528846153846154 0.9266826923076923 0.021634615384615384 0.06009615384615385
0 0.5709134615384616 0.9242788461538461 0.03125 0.06971153846153846
5 0.5901442307692307 0.9206730769230769 0.026442307692307692 0.06490384615384616
5 0.6057692307692307 0.9194711538461539 0.03125 0.0625
4 0.6237980769230769 0.9194711538461539 0.028846153846153848 0.0625
8 0.6430288461538461 0.9158653846153846 0.026442307692307692 0.06490384615384616
1 0.6574519230769231 0.9110576923076923 0.02403846153846154 0.0673076923076923
0 0.6766826923076923 0.9074519230769231 0.028846153846153848 0.07451923076923077
5 0.6935096153846154 0.9050480769230769 0.02403846153846154 0.0673076923076923
6 0.7115384615384616 0.90625 0.028846153846153848 0.0673076923076923
8 0.7295673076923077 0.9026442307692307 0.028846153846153848 0.07451923076923077
9 0.7487980769230769 0.9002403846153846 0.026442307692307692 0.0673076923076923