0 0.9891826923076923 0.0733173076923077 0.016826923076923076 0.055288461538461536
1 0.96875 0.0673076923076923 0.016826923076923076 0.052884615384615384
0 0.9471153846153846 0.06490384615384616 0.021634615384615384 0.055288461538461536
5 0.9242788461538461 0.06490384615384616 0.016826923076923076 0.052884615384615384
5 0.9038461538461539 0.06610576923076923 0.016826923076923076 0.04807692307692308
3 0.8822115384615384 0.06370192307692307 0.019230769230769232 0.055288461538461536
6 0.8605769230769231 0.06370192307692307 0.016826923076923076 0.052884615384615384
0 0.8389423076923077 0.0625 0.016826923076923076 0.052884615384615384
8 0.8173076923076923 0.06009615384615385 0.016826923076923076 0.04807692307692308
9 0.7944711538461539 0.057692307692307696 0.016826923076923076 0.04807692307692308
8 0.7728365384615384 0.056490384615384616 0.016826923076923076 0.055288461538461536
2 0.7524038461538461 0.055288461538461536 0.021634615384615384 0.055288461538461536
9 0.7319711538461539 0.051682692307692304 0.021634615384615384 0.06009615384615385
0 0.703125 0.21033653846153846 0.02403846153846154 0.0673076923076923
1 0.6862980769230769 0.2127403846153846 0.019230769230769232 0.07451923076923077
0 0.6682692307692307 0.20192307692307693 0.02403846153846154 0.06971153846153846
0 0.6502403846153846 0.203125 0.02403846153846154 0.07451923076923077
6 0.6322115384615384 0.203125 0.026442307692307692 0.07932692307692307
7 0.859375 0.6586538461538461 0.02403846153846154 0.06490384615384616
0 0.8401442307692307 0.6586538461538461 0.026442307692307692 0.07451923076923077
0 0.8245192307692307 0.6598557692307693 0.02403846153846154 0.06971153846153846
7 0.7956730769230769 0.6586538461538461 0.021634615384615384 0.0625
4 0.7776442307692307 0.6610576923076923 0.02403846153846154 0.0673076923076923
2 0.7596153846153846 0.6550480769230769 0.021634615384615384 0.0625
1 0.6658653846153846 0.6502403846153846 0.016826923076923076 0.0673076923076923
2 0.6394230769230769 0.8004807692307693 0.026442307692307692 0.07932692307692307
0 0.6213942307692307 0.7980769230769231 0.021634615384615384 0.06009615384615385
1 0.6045673076923077 0.8004807692307693 0.021634615384615384 0.07451923076923077
6 0.5865384615384616 0.7932692307692307 0.026442307692307692 0.07932692307692307
0 0.5685096153846154 0.7980769230769231 0.02403846153846154 0.0673076923076923
0 0.5012019230769231 0.9314903846153846 0.026442307692307692 0.06009615384615385
1 0.484375 0.9302884615384616 0.016826923076923076 0.06009615384615385
0 0.46634615384615385 0.9290865384615384 0.026442307692307692 0.0673076923076923
5 0.44711538461538464 0.9266826923076923 0.021634615384615384 0.0625
5 0.43149038461538464 0.9266826923076923 0.026442307692307692 0.06009615384615385
4 0.41346153846153844 0.9290865384615384 0.02403846153846154 0.06009615384615385
8 0.3942307692307692 0.9266826923076923 0.021634615384615384 0.0625
1 0.3786057692307692 0.9230769230769231 0.016826923076923076 0.0673076923076923
0 0.359375 0.921875 0.02403846153846154 0.07451923076923077
5 0.3425480769230769 0.9206730769230769 0.019230769230769232 0.0673076923076923
6 0.3245192307692308 0.9230769230769231 0.021634615384615384 0.0673076923076923
8 0.30649038461538464 0.921875 0.02403846153846154 0.07451923076923077
9 0.28725961538461536 0.9206730769230769 0.021634615384615384 0.0673076923076923