0 0.007211538461538462 0.0829326923076923 0.014423076923076924 0.055288461538461536
1 0.02403846153846154 0.07572115384615384 0.016826923076923076 0.052884615384615384
0 0.04567307692307692 0.0733173076923077 0.021634615384615384 0.057692307692307696
5 0.06850961538461539 0.07211538461538461 0.019230769230769232 0.052884615384615384
5 0.0889423076923077 0.07211538461538461 0.016826923076923076 0.04807692307692308
3 0.11057692307692307 0.07091346153846154 0.019230769230769232 0.055288461538461536
6 0.13221153846153846 0.06971153846153846 0.019230769230769232 0.052884615384615384
0 0.15384615384615385 0.06850961538461539 0.019230769230769232 0.052884615384615384
8 0.17427884615384615 0.06490384615384616 0.019230769230769232 0.04807692307692308
9 0.1971153846153846 0.06370192307692307 0.019230769230769232 0.04807692307692308
8 0.21875 0.06129807692307692 0.016826923076923076 0.055288461538461536
2 0.23918269230769232 0.05889423076923077 0.021634615384615384 0.057692307692307696
9 0.2608173076923077 0.055288461538461536 0.021634615384615384 0.06009615384615385
0 0.2920673076923077 0.21394230769230768 0.026442307692307692 0.0673076923076923
1 0.3088942307692308 0.21634615384615385 0.021634615384615384 0.07451923076923077
0 0.3269230769230769 0.20552884615384615 0.02403846153846154 0.07211538461538461
0 0.3449519230769231 0.20552884615384615 0.02403846153846154 0.07451923076923077
6 0.36177884615384615 0.20552884615384615 0.026442307692307692 0.07932692307692307
7 0.14423076923076922 0.6646634615384616 0.026442307692307692 0.06490384615384616
0 0.1622596153846154 0.6646634615384616 0.026442307692307692 0.07451923076923077
0 0.1778846153846154 0.6658653846153846 0.02403846153846154 0.07211538461538461
7 0.20673076923076922 0.6634615384615384 0.021634615384615384 0.06490384615384616
4 0.2247596153846154 0.6658653846153846 0.026442307692307692 0.0673076923076923
2 0.24278846153846154 0.6598557692307693 0.021634615384615384 0.06490384615384616
1 0.33774038461538464 0.6526442307692307 0.019230769230769232 0.0673076923076923
2 0.36658653846153844 0.8028846153846154 0.026442307692307692 0.07932692307692307
0 0.38341346153846156 0.7992788461538461 0.02403846153846154 0.06009615384615385
1 0.4014423076923077 0.8016826923076923 0.02403846153846154 0.07451923076923077
6 0.4182692307692308 0.7944711538461539 0.026442307692307692 0.07932692307692307
0 0.4362980769230769 0.7992788461538461 0.026442307692307692 0.0673076923076923
0 0.5060096153846154 0.9314903846153846 0.026442307692307692 0.06009615384615385
1 0.5228365384615384 0.9302884615384616 0.016826923076923076 0.06009615384615385
0 0.5408653846153846 0.9278846153846154 0.026442307692307692 0.0673076923076923
5 0.5600961538461539 0.9254807692307693 0.021634615384615384 0.06490384615384616
5 0.5757211538461539 0.9254807692307693 0.026442307692307692 0.06009615384615385
4 0.59375 0.9278846153846154 0.026442307692307692 0.06009615384615385
8 0.6129807692307693 0.9242788461538461 0.02403846153846154 0.06490384615384616
1 0.6286057692307693 0.9206730769230769 0.019230769230769232 0.0673076923076923
0 0.6478365384615384 0.9194711538461539 0.02403846153846154 0.07451923076923077
5 0.6646634615384616 0.9170673076923077 0.019230769230769232 0.0673076923076923
6 0.6826923076923077 0.9194711538461539 0.02403846153846154 0.0673076923076923
8 0.7007211538461539 0.9182692307692307 0.02403846153846154 0.07451923076923077
9 0.7199519230769231 0.9158653846153846 0.021634615384615384 0.0673076923076923