0 0.040865384615384616 0.039663461538461536 0.016826923076923076 0.051682692307692304
1 0.0625 0.036057692307692304 0.013221153846153846 0.051682692307692304
0 0.08413461538461539 0.03485576923076923 0.016826923076923076 0.055288461538461536
5 0.10697115384615384 0.036057692307692304 0.014423076923076924 0.051682692307692304
5 0.12740384615384615 0.038461538461538464 0.013221153846153846 0.046875
3 0.14903846153846154 0.038461538461538464 0.014423076923076924 0.055288461538461536
6 0.17067307692307693 0.039663461538461536 0.014423076923076924 0.051682692307692304
0 0.19230769230769232 0.039663461538461536 0.014423076923076924 0.051682692307692304
8 0.21394230769230768 0.038461538461538464 0.014423076923076924 0.046875
9 0.23677884615384615 0.038461538461538464 0.014423076923076924 0.046875
8 0.25841346153846156 0.038461538461538464 0.013221153846153846 0.055288461538461536
2 0.27884615384615385 0.038461538461538464 0.016826923076923076 0.055288461538461536
9 0.3004807692307692 0.036057692307692304 0.016826923076923076 0.05889423076923077
0 0.3173076923076923 0.1971153846153846 0.020432692307692308 0.06610576923076923
1 0.33413461538461536 0.20072115384615385 0.014423076923076924 0.0733173076923077
0 0.35336538461538464 0.19110576923076922 0.018028846153846152 0.06971153846153846
0 0.3713942307692308 0.1935096153846154 0.018028846153846152 0.0733173076923077
6 0.38822115384615385 0.19471153846153846 0.020432692307692308 0.07692307692307693
7 0.1310096153846154 0.6334134615384616 0.020432692307692308 0.0625
0 0.14903846153846154 0.6346153846153846 0.020432692307692308 0.0733173076923077
0 0.16466346153846154 0.6370192307692307 0.018028846153846152 0.06971153846153846
7 0.1935096153846154 0.6370192307692307 0.016826923076923076 0.0625
4 0.21153846153846154 0.6418269230769231 0.020432692307692308 0.06610576923076923
2 0.22956730769230768 0.6370192307692307 0.016826923076923076 0.0625
1 0.3245192307692308 0.6382211538461539 0.013221153846153846 0.06610576923076923
2 0.3401442307692308 0.7896634615384616 0.020432692307692308 0.07692307692307693
0 0.3581730769230769 0.7884615384615384 0.018028846153846152 0.05889423076923077
1 0.375 0.7920673076923077 0.016826923076923076 0.0733173076923077
6 0.39302884615384615 0.7860576923076923 0.020432692307692308 0.07692307692307693
0 0.4110576923076923 0.7920673076923077 0.020432692307692308 0.06610576923076923
0 0.46875 0.9302884615384616 0.021634615384615384 0.05889423076923077
1 0.4855769230769231 0.9302884615384616 0.01201923076923077 0.05889423076923077
0 0.5036057692307693 0.9302884615384616 0.021634615384615384 0.06610576923076923
5 0.5228365384615384 0.9290865384615384 0.016826923076923076 0.0625
5 0.5384615384615384 0.9302884615384616 0.021634615384615384 0.05889423076923077
4 0.5564903846153846 0.9338942307692307 0.020432692307692308 0.05889423076923077
8 0.5757211538461539 0.9326923076923077 0.018028846153846152 0.0625
1 0.5913461538461539 0.9302884615384616 0.013221153846153846 0.06610576923076923
0 0.6105769230769231 0.9302884615384616 0.018028846153846152 0.0733173076923077
5 0.6274038461538461 0.9302884615384616 0.014423076923076924 0.06610576923076923
6 0.6454326923076923 0.9338942307692307 0.018028846153846152 0.06610576923076923
8 0.6634615384615384 0.9338942307692307 0.018028846153846152 0.0733173076923077
9 0.6826923076923077 0.9338942307692307 0.016826923076923076 0.06610576923076923