0 0.016826923076923076 0.9350961538461539 0.019230769230769232 0.052884615384615384
1 0.038461538461538464 0.9399038461538461 0.016826923076923076 0.052884615384615384
0 0.06009615384615385 0.9423076923076923 0.019230769230769232 0.055288461538461536
5 0.0829326923076923 0.9423076923076923 0.016826923076923076 0.052884615384615384
5 0.10336538461538461 0.9411057692307693 0.016826923076923076 0.04807692307692308
3 0.125 0.9423076923076923 0.016826923076923076 0.055288461538461536
6 0.1466346153846154 0.9423076923076923 0.016826923076923076 0.052884615384615384
0 0.16826923076923078 0.9435096153846154 0.016826923076923076 0.052884615384615384
8 0.18990384615384615 0.9459134615384616 0.016826923076923076 0.04807692307692308
9 0.2127403846153846 0.9471153846153846 0.016826923076923076 0.04807692307692308
8 0.234375 0.9483173076923077 0.016826923076923076 0.055288461538461536
2 0.2548076923076923 0.9495192307692307 0.019230769230769232 0.055288461538461536
9 0.2764423076923077 0.953125 0.019230769230769232 0.06009615384615385
0 0.3016826923076923 0.7932692307692307 0.02403846153846154 0.0673076923076923
1 0.31850961538461536 0.7896634615384616 0.019230769230769232 0.07451923076923077
0 0.33774038461538464 0.8004807692307693 0.021634615384615384 0.06971153846153846
0 0.3557692307692308 0.7992788461538461 0.021634615384615384 0.07451923076923077
6 0.37259615384615385 0.7992788461538461 0.02403846153846154 0.07692307692307693
7 0.13822115384615385 0.3473557692307692 0.02403846153846154 0.0625
0 0.15625 0.3473557692307692 0.02403846153846154 0.07451923076923077
0 0.171875 0.34615384615384615 0.021634615384615384 0.06971153846153846
7 0.20072115384615385 0.3473557692307692 0.019230769230769232 0.0625
4 0.21995192307692307 0.34375 0.02403846153846154 0.0673076923076923
2 0.23677884615384615 0.3485576923076923 0.019230769230769232 0.0625
1 0.3317307692307692 0.35336538461538464 0.016826923076923076 0.0673076923076923
2 0.3557692307692308 0.20192307692307693 0.02403846153846154 0.07692307692307693
0 0.3737980769230769 0.20432692307692307 0.021634615384615384 0.06009615384615385
1 0.390625 0.20192307692307693 0.021634615384615384 0.07451923076923077
6 0.40865384615384615 0.2091346153846154 0.02403846153846154 0.07692307692307693
0 0.4266826923076923 0.203125 0.02403846153846154 0.0673076923076923
0 0.49158653846153844 0.06850961538461539 0.02403846153846154 0.06009615384615385
1 0.5084134615384616 0.06971153846153846 0.014423076923076924 0.06009615384615385
0 0.5264423076923077 0.07091346153846154 0.02403846153846154 0.0673076923076923
5 0.5456730769230769 0.07211538461538461 0.019230769230769232 0.0625
5 0.5612980769230769 0.07211538461538461 0.02403846153846154 0.06009615384615385
4 0.5793269230769231 0.06971153846153846 0.02403846153846154 0.06009615384615385
8 0.5985576923076923 0.07211538461538461 0.021634615384615384 0.0625
1 0.6141826923076923 0.07451923076923077 0.016826923076923076 0.0673076923076923
0 0.6334134615384616 0.07572115384615384 0.021634615384615384 0.07451923076923077
5 0.6502403846153846 0.07692307692307693 0.016826923076923076 0.0673076923076923
6 0.6682692307692307 0.07451923076923077 0.021634615384615384 0.0673076923076923
8 0.6862980769230769 0.07572115384615384 0.021634615384615384 0.07451923076923077
9 0.7055288461538461 0.07572115384615384 0.019230769230769232 0.0673076923076923