0 0.2824519230769231 0.1310096153846154 0.015625 0.10096153846153846
1 0.3016826923076923 0.1346153846153846 0.02283653846153846 0.125
2 0.32091346153846156 0.13221153846153846 0.014423076923076924 0.12860576923076922
3 0.34134615384615385 0.1346153846153846 0.019230769230769232 0.13221153846153846
3 0.3605769230769231 0.12259615384615384 0.021634615384615384 0.125
2 0.3798076923076923 0.13221153846153846 0.018028846153846152 0.13701923076923078
3 0.40024038461538464 0.13822115384615385 0.02283653846153846 0.10817307692307693
3 0.2548076923076923 0.31971153846153844 0.028846153846153848 0.10096153846153846
2 0.27884615384615385 0.31490384615384615 0.02283653846153846 0.11658653846153846
2 0.3088942307692308 0.3088942307692308 0.015625 0.1045673076923077
3 0.32572115384615385 0.3137019230769231 0.018028846153846152 0.12860576923076922
1 0.3605769230769231 0.3233173076923077 0.018028846153846152 0.09254807692307693
4 0.375 0.3233173076923077 0.015625 0.10096153846153846
0 0.3954326923076923 0.31971153846153844 0.018028846153846152 0.125
1 0.41586538461538464 0.3317307692307692 0.021634615384615384 0.11658653846153846
5 0.2536057692307692 0.5889423076923077 0.025240384615384616 0.14903846153846154
3 0.27524038461538464 0.5901442307692307 0.015625 0.16826923076923078
5 0.6838942307692307 0.6189903846153846 0.026442307692307692 0.12860576923076922
2 0.7067307692307693 0.6189903846153846 0.015625 0.14423076923076922
2 0.7331730769230769 0.6141826923076923 0.01201923076923077 0.11298076923076923
3 0.75 0.6286057692307693 0.021634615384615384 0.140625
1 0.7836538461538461 0.6225961538461539 0.015625 0.09615384615384616
4 0.7992788461538461 0.6346153846153846 0.015625 0.14423076923076922
0 0.8161057692307693 0.6310096153846154 0.018028846153846152 0.13701923076923078
1 0.8377403846153846 0.6189903846153846 0.025240384615384616 0.14423076923076922
2 0.33653846153846156 0.765625 0.010817307692307692 0.09254807692307693
2 0.3545673076923077 0.765625 0.014423076923076924 0.10817307692307693
6 0.37259615384615385 0.7632211538461539 0.021634615384615384 0.0889423076923077
3 0.3918269230769231 0.765625 0.018028846153846152 0.10096153846153846
6 0.41225961538461536 0.765625 0.014423076923076924 0.11658653846153846
3 0.42908653846153844 0.7572115384615384 0.015625 0.10817307692307693
3 0.4495192307692308 0.7692307692307693 0.018028846153846152 0.10817307692307693
3 0.4675480769230769 0.7692307692307693 0.018028846153846152 0.11658653846153846
3 0.4891826923076923 0.7668269230769231 0.019230769230769232 0.11298076923076923
3 0.5072115384615384 0.7668269230769231 0.019230769230769232 0.1201923076923077
8 0.5288461538461539 0.7608173076923077 0.019230769230769232 0.10817307692307693
9 0.5480769230769231 0.7608173076923077 0.02283653846153846 0.10096153846153846