0 0.025240384615384616 0.056490384615384616 0.019230769230769232 0.052884615384615384
1 0.046875 0.051682692307692304 0.014423076923076924 0.052884615384615384
0 0.06850961538461539 0.04927884615384615 0.019230769230769232 0.055288461538461536
5 0.09134615384615384 0.05048076923076923 0.016826923076923076 0.052884615384615384
5 0.11177884615384616 0.051682692307692304 0.014423076923076924 0.04807692307692308
3 0.13341346153846154 0.05048076923076923 0.016826923076923076 0.055288461538461536
6 0.15504807692307693 0.051682692307692304 0.016826923076923076 0.052884615384615384
0 0.17668269230769232 0.05048076923076923 0.016826923076923076 0.052884615384615384
8 0.19831730769230768 0.04927884615384615 0.016826923076923076 0.04807692307692308
9 0.22115384615384615 0.04807692307692308 0.016826923076923076 0.04807692307692308
8 0.24278846153846154 0.046875 0.014423076923076924 0.055288461538461536
2 0.26322115384615385 0.046875 0.019230769230769232 0.055288461538461536
9 0.2848557692307692 0.04326923076923077 0.019230769230769232 0.06009615384615385
0 0.30649038461538464 0.203125 0.021634615384615384 0.0673076923076923
1 0.3233173076923077 0.20673076923076922 0.016826923076923076 0.07451923076923077
0 0.3425480769230769 0.19591346153846154 0.021634615384615384 0.06971153846153846
0 0.3605769230769231 0.19831730769230768 0.021634615384615384 0.07451923076923077
6 0.37740384615384615 0.19831730769230768 0.02403846153846154 0.07692307692307693
7 0.13581730769230768 0.6466346153846154 0.021634615384615384 0.0625
0 0.15384615384615385 0.6466346153846154 0.02403846153846154 0.07451923076923077
0 0.16947115384615385 0.6490384615384616 0.021634615384615384 0.06971153846153846
7 0.19831730769230768 0.6478365384615384 0.019230769230769232 0.0625
4 0.21634615384615385 0.6514423076923077 0.021634615384615384 0.0673076923076923
2 0.234375 0.6466346153846154 0.019230769230769232 0.0625
1 0.3293269230769231 0.6442307692307693 0.014423076923076924 0.0673076923076923
2 0.34975961538461536 0.7944711538461539 0.02403846153846154 0.07692307692307693
0 0.36778846153846156 0.7932692307692307 0.019230769230769232 0.06009615384615385
1 0.3858173076923077 0.7956730769230769 0.019230769230769232 0.07451923076923077
6 0.4026442307692308 0.7896634615384616 0.02403846153846154 0.07692307692307693
0 0.421875 0.7944711538461539 0.021634615384615384 0.0673076923076923
0 0.484375 0.9314903846153846 0.02403846153846154 0.06009615384615385
1 0.5012019230769231 0.9302884615384616 0.014423076923076924 0.06009615384615385
0 0.5180288461538461 0.9302884615384616 0.02403846153846154 0.0673076923076923
5 0.5372596153846154 0.9278846153846154 0.019230769230769232 0.0625
5 0.5528846153846154 0.9290865384615384 0.02403846153846154 0.06009615384615385
4 0.5721153846153846 0.9314903846153846 0.021634615384615384 0.06009615384615385
8 0.5913461538461539 0.9302884615384616 0.019230769230769232 0.0625
1 0.6057692307692307 0.9266826923076923 0.014423076923076924 0.0673076923076923
0 0.625 0.9266826923076923 0.021634615384615384 0.07451923076923077
5 0.6418269230769231 0.9254807692307693 0.016826923076923076 0.0673076923076923
6 0.6610576923076923 0.9290865384615384 0.019230769230769232 0.0673076923076923
8 0.6790865384615384 0.9278846153846154 0.021634615384615384 0.07451923076923077
9 0.6983173076923077 0.9266826923076923 0.019230769230769232 0.0673076923076923