2 0.7752403846153846 0.9038461538461539 0.025240384615384616 0.10817307692307693
0 0.6826923076923077 0.9110576923076923 0.02283653846153846 0.09375
1 0.6586538461538461 0.9086538461538461 0.025240384615384616 0.0985576923076923
2 0.6346153846153846 0.9086538461538461 0.020432692307692308 0.10817307692307693
3 0.609375 0.90625 0.025240384615384616 0.10336538461538461
3 0.5829326923076923 0.9014423076923077 0.02283653846153846 0.09375
2 0.5576923076923077 0.9014423076923077 0.020432692307692308 0.08413461538461539
3 0.515625 0.9014423076923077 0.027644230769230768 0.11298076923076923
2 0.4891826923076923 0.8990384615384616 0.019230769230769232 0.10817307692307693
3 0.7740384615384616 0.6670673076923077 0.027644230769230768 0.09375
2 0.7463942307692307 0.6574519230769231 0.019230769230769232 0.10336538461538461
2 0.7079326923076923 0.6574519230769231 0.016826923076923076 0.10336538461538461
3 0.6826923076923077 0.6622596153846154 0.02283653846153846 0.10336538461538461
1 0.6466346153846154 0.6622596153846154 0.025240384615384616 0.10336538461538461
3 0.6189903846153846 0.6526442307692307 0.025240384615384616 0.10336538461538461
2 0.5949519230769231 0.6502403846153846 0.019230769230769232 0.11778846153846154
6 0.5697115384615384 0.6502403846153846 0.030048076923076924 0.11778846153846154
6 0.17067307692307693 0.4411057692307692 0.03245192307692308 0.12259615384615384
3 0.1310096153846154 0.4338942307692308 0.02283653846153846 0.13581730769230768
1 0.10096153846153846 0.4266826923076923 0.025240384615384616 0.16947115384615385
2 0.6598557692307693 0.21394230769230768 0.019230769230769232 0.12620192307692307
2 0.5685096153846154 0.2091346153846154 0.03245192307692308 0.12620192307692307