2 0.21995192307692307 0.8846153846153846 0.025240384615384616 0.12620192307692307
0 0.3161057692307692 0.8942307692307693 0.025240384615384616 0.13581730769230768
1 0.33774038461538464 0.8894230769230769 0.02283653846153846 0.13581730769230768
2 0.36658653846153844 0.8894230769230769 0.020432692307692308 0.12620192307692307
3 0.38822115384615385 0.8894230769230769 0.020432692307692308 0.14543269230769232
3 0.41586538461538464 0.8918269230769231 0.025240384615384616 0.11298076923076923
2 0.4362980769230769 0.8846153846153846 0.02283653846153846 0.11778846153846154
2 0.47836538461538464 0.8846153846153846 0.019230769230769232 0.11778846153846154
2 0.5084134615384616 0.8798076923076923 0.02283653846153846 0.11778846153846154
3 0.22115384615384615 0.6310096153846154 0.03245192307692308 0.12620192307692307
2 0.25 0.6286057692307693 0.02283653846153846 0.12259615384615384
2 0.28846153846153844 0.6358173076923077 0.016826923076923076 0.10817307692307693
3 0.3161057692307692 0.6310096153846154 0.025240384615384616 0.12620192307692307
1 0.35336538461538464 0.640625 0.020432692307692308 0.11778846153846154
3 0.37740384615384615 0.6262019230769231 0.019230769230769232 0.13581730769230768
2 0.4014423076923077 0.6334134615384616 0.02283653846153846 0.12259615384615384
6 0.42908653846153844 0.6334134615384616 0.027644230769230768 0.12259615384615384
2 0.828125 0.43149038461538464 0.025240384615384616 0.1310096153846154
2 0.8557692307692307 0.4362980769230769 0.02283653846153846 0.12259615384615384
5 0.890625 0.4206730769230769 0.02283653846153846 0.14543269230769232
6 0.9182692307692307 0.4230769230769231 0.027644230769230768 0.15985576923076922
2 0.33653846153846156 0.1971153846153846 0.025240384615384616 0.12259615384615384
2 0.43509615384615385 0.19951923076923078 0.030048076923076924 0.13581730769230768