2 0.7860576923076923 0.10096153846153846 0.027644230769230768 0.14543269230769232
0 0.6947115384615384 0.0985576923076923 0.027644230769230768 0.11298076923076923
1 0.6658653846153846 0.09615384615384616 0.025240384615384616 0.11778846153846154
2 0.6418269230769231 0.09134615384615384 0.020432692307692308 0.11778846153846154
3 0.6189903846153846 0.10576923076923077 0.025240384615384616 0.12620192307692307
3 0.5925480769230769 0.10576923076923077 0.02283653846153846 0.12620192307692307
2 0.5673076923076923 0.10336538461538461 0.020432692307692308 0.1310096153846154
2 0.5264423076923077 0.11057692307692307 0.02283653846153846 0.12620192307692307
1 0.5 0.11778846153846154 0.025240384615384616 0.1502403846153846
3 0.7872596153846154 0.3737980769230769 0.03485576923076923 0.13581730769230768
2 0.7572115384615384 0.36177884615384615 0.019230769230769232 0.1310096153846154
2 0.7211538461538461 0.36177884615384615 0.016826923076923076 0.11298076923076923
3 0.6947115384615384 0.3737980769230769 0.027644230769230768 0.14543269230769232
1 0.6586538461538461 0.36177884615384615 0.016826923076923076 0.1310096153846154
3 0.6346153846153846 0.35697115384615385 0.02283653846153846 0.12259615384615384
2 0.6069711538461539 0.359375 0.020432692307692308 0.14543269230769232
6 0.5805288461538461 0.3641826923076923 0.027644230769230768 0.15504807692307693
2 0.1778846153846154 0.5793269230769231 0.020432692307692308 0.14543269230769232
1 0.15504807692307693 0.5793269230769231 0.020432692307692308 0.14543269230769232
1 0.11538461538461539 0.5733173076923077 0.020432692307692308 0.1310096153846154
1 0.09134615384615384 0.5841346153846154 0.027644230769230768 0.16466346153846154
2 0.6706730769230769 0.7956730769230769 0.030048076923076924 0.14543269230769232
2 0.5745192307692307 0.7956730769230769 0.030048076923076924 0.15504807692307693