2 0.7836538461538461 0.8990384615384616 0.02283653846153846 0.11778846153846154
0 0.6899038461538461 0.9038461538461539 0.03245192307692308 0.10817307692307693
1 0.6622596153846154 0.8990384615384616 0.02283653846153846 0.10817307692307693
2 0.6418269230769231 0.8990384615384616 0.020432692307692308 0.10817307692307693
3 0.6165865384615384 0.8966346153846154 0.020432692307692308 0.12259615384615384
3 0.5913461538461539 0.8894230769230769 0.025240384615384616 0.13581730769230768
2 0.5649038461538461 0.8846153846153846 0.025240384615384616 0.14543269230769232
2 0.5228365384615384 0.8918269230769231 0.020432692307692308 0.1310096153846154
5 0.4987980769230769 0.8798076923076923 0.027644230769230768 0.16466346153846154
3 0.7860576923076923 0.6454326923076923 0.03245192307692308 0.10817307692307693
2 0.7548076923076923 0.6478365384615384 0.02283653846153846 0.10336538461538461
2 0.7175480769230769 0.640625 0.019230769230769232 0.10817307692307693
3 0.6947115384615384 0.6334134615384616 0.019230769230769232 0.140625
1 0.6574519230769231 0.6382211538461539 0.02283653846153846 0.11298076923076923
3 0.6310096153846154 0.6430288461538461 0.025240384615384616 0.1310096153846154
2 0.6057692307692307 0.6454326923076923 0.019230769230769232 0.15504807692307693
6 0.5793269230769231 0.640625 0.030048076923076924 0.11778846153846154
2 0.1814903846153846 0.4266826923076923 0.02283653846153846 0.12259615384615384
5 0.15504807692307693 0.4206730769230769 0.025240384615384616 0.10817307692307693
5 0.11899038461538461 0.4254807692307692 0.02283653846153846 0.13581730769230768
2 0.0889423076923077 0.41586538461538464 0.03245192307692308 0.10817307692307693
2 0.6682692307692307 0.18509615384615385 0.030048076923076924 0.12620192307692307
2 0.5757211538461539 0.18990384615384615 0.02283653846153846 0.12620192307692307