2 0.7872596153846154 0.8942307692307693 0.030048076923076924 0.12620192307692307
0 0.6935096153846154 0.8918269230769231 0.020432692307692308 0.1310096153846154
1 0.6670673076923077 0.8894230769230769 0.02283653846153846 0.13581730769230768
2 0.6454326923076923 0.8870192307692307 0.019230769230769232 0.1310096153846154
3 0.6189903846153846 0.8966346153846154 0.025240384615384616 0.1310096153846154
3 0.59375 0.8846153846153846 0.025240384615384616 0.12620192307692307
2 0.5673076923076923 0.8822115384615384 0.016826923076923076 0.140625
2 0.5252403846153846 0.9014423076923077 0.020432692307692308 0.11298076923076923
9 0.4987980769230769 0.8894230769230769 0.027644230769230768 0.13581730769230768
3 0.7836538461538461 0.6478365384615384 0.027644230769230768 0.12259615384615384
2 0.7560096153846154 0.6382211538461539 0.020432692307692308 0.140625
2 0.7199519230769231 0.6526442307692307 0.019230769230769232 0.1310096153846154
3 0.6935096153846154 0.6454326923076923 0.025240384615384616 0.14543269230769232
1 0.6574519230769231 0.6334134615384616 0.02283653846153846 0.1502403846153846
3 0.6322115384615384 0.6382211538461539 0.027644230769230768 0.15985576923076922
2 0.609375 0.6310096153846154 0.020432692307692308 0.16466346153846154
6 0.5817307692307693 0.6430288461538461 0.030048076923076924 0.15985576923076922
2 0.18269230769230768 0.4254807692307692 0.030048076923076924 0.14543269230769232
9 0.15504807692307693 0.4338942307692308 0.020432692307692308 0.13581730769230768
3 0.11778846153846154 0.43149038461538464 0.025240384615384616 0.140625
3 0.08653846153846154 0.43149038461538464 0.03245192307692308 0.140625
2 0.6730769230769231 0.20192307692307693 0.027644230769230768 0.12259615384615384
2 0.5745192307692307 0.19951923076923078 0.03485576923076923 0.13581730769230768