2 0.7872596153846154 0.10096153846153846 0.030048076923076924 0.13581730769230768
0 0.6947115384615384 0.10096153846153846 0.02283653846153846 0.11778846153846154
1 0.6694711538461539 0.10096153846153846 0.02283653846153846 0.14543269230769232
2 0.6430288461538461 0.11057692307692307 0.02283653846153846 0.16466346153846154
3 0.6213942307692307 0.10817307692307693 0.025240384615384616 0.140625
3 0.5949519230769231 0.11778846153846154 0.02283653846153846 0.15985576923076922
2 0.5673076923076923 0.11538461538461539 0.020432692307692308 0.15504807692307693
2 0.5288461538461539 0.10576923076923077 0.02283653846153846 0.11778846153846154
4 0.5024038461538461 0.10817307692307693 0.030048076923076924 0.11298076923076923
3 0.7884615384615384 0.34975961538461536 0.03485576923076923 0.12620192307692307
2 0.7584134615384616 0.35697115384615385 0.020432692307692308 0.1310096153846154
2 0.7223557692307693 0.359375 0.019230769230769232 0.12620192307692307
3 0.6983173076923077 0.359375 0.020432692307692308 0.13581730769230768
1 0.6598557692307693 0.3545673076923077 0.02283653846153846 0.14543269230769232
3 0.6346153846153846 0.36658653846153844 0.02283653846153846 0.1502403846153846
2 0.6081730769230769 0.359375 0.019230769230769232 0.16466346153846154
6 0.5829326923076923 0.36658653846153844 0.03245192307692308 0.1310096153846154
2 0.18629807692307693 0.5769230769230769 0.03245192307692308 0.16947115384615385
9 0.15745192307692307 0.5709134615384616 0.020432692307692308 0.15504807692307693
1 0.11899038461538461 0.5889423076923077 0.027644230769230768 0.12620192307692307
0 0.09014423076923077 0.5745192307692307 0.025240384615384616 0.15504807692307693
2 0.6706730769230769 0.8221153846153846 0.03485576923076923 0.1502403846153846
2 0.578125 0.8100961538461539 0.027644230769230768 0.15504807692307693