2 0.22115384615384615 0.8894230769230769 0.02283653846153846 0.13581730769230768
0 0.31490384615384615 0.8894230769230769 0.02283653846153846 0.14543269230769232
1 0.34375 0.8870192307692307 0.025240384615384616 0.16947115384615385
2 0.36778846153846156 0.8918269230769231 0.019230769230769232 0.140625
3 0.390625 0.8918269230769231 0.025240384615384616 0.1310096153846154
3 0.4170673076923077 0.875 0.02283653846153846 0.13581730769230768
2 0.4423076923076923 0.8870192307692307 0.020432692307692308 0.1310096153846154
2 0.4807692307692308 0.8894230769230769 0.016826923076923076 0.13581730769230768
0 0.5084134615384616 0.8894230769230769 0.027644230769230768 0.13581730769230768
3 0.22115384615384615 0.6430288461538461 0.03245192307692308 0.10336538461538461
2 0.2512019230769231 0.6358173076923077 0.02283653846153846 0.10817307692307693
2 0.28846153846153844 0.6334134615384616 0.020432692307692308 0.12259615384615384
3 0.31490384615384615 0.6454326923076923 0.03245192307692308 0.0985576923076923
1 0.35096153846153844 0.640625 0.030048076923076924 0.10817307692307693
3 0.375 0.6502403846153846 0.02283653846153846 0.12620192307692307
2 0.4014423076923077 0.6454326923076923 0.019230769230769232 0.12620192307692307
6 0.43028846153846156 0.6478365384615384 0.03485576923076923 0.12259615384615384
2 0.8269230769230769 0.4387019230769231 0.030048076923076924 0.12620192307692307
9 0.8509615384615384 0.4387019230769231 0.027644230769230768 0.15504807692307693
1 0.8942307692307693 0.4254807692307692 0.025240384615384616 0.14543269230769232
8 0.9158653846153846 0.4266826923076923 0.027644230769230768 0.1310096153846154
2 0.3401442307692308 0.20673076923076922 0.03245192307692308 0.12259615384615384
2 0.43509615384615385 0.1971153846153846 0.04447115384615385 0.1310096153846154