2 0.22235576923076922 0.8894230769230769 0.03485576923076923 0.12620192307692307
0 0.31850961538461536 0.8966346153846154 0.025240384615384616 0.12259615384615384
1 0.34375 0.8918269230769231 0.020432692307692308 0.11298076923076923
2 0.36538461538461536 0.8846153846153846 0.020432692307692308 0.13581730769230768
3 0.3918269230769231 0.8870192307692307 0.027644230769230768 0.1310096153846154
3 0.4206730769230769 0.8870192307692307 0.025240384615384616 0.1310096153846154
2 0.4423076923076923 0.8798076923076923 0.020432692307692308 0.11778846153846154
2 0.484375 0.8774038461538461 0.019230769230769232 0.12259615384615384
8 0.5168269230769231 0.8918269230769231 0.03485576923076923 0.16947115384615385
3 0.22596153846153846 0.6478365384615384 0.03245192307692308 0.11298076923076923
2 0.2512019230769231 0.6502403846153846 0.019230769230769232 0.12620192307692307
2 0.29086538461538464 0.6334134615384616 0.019230769230769232 0.12259615384615384
3 0.3125 0.6454326923076923 0.02283653846153846 0.10817307692307693
1 0.3545673076923077 0.6478365384615384 0.019230769230769232 0.10336538461538461
3 0.3762019230769231 0.6382211538461539 0.025240384615384616 0.12259615384615384
2 0.40384615384615385 0.6358173076923077 0.02283653846153846 0.13581730769230768
6 0.42908653846153844 0.6382211538461539 0.027644230769230768 0.140625
2 0.8293269230769231 0.4230769230769231 0.03245192307692308 0.15985576923076922
9 0.8581730769230769 0.4411057692307692 0.02283653846153846 0.1502403846153846
4 0.8942307692307693 0.4411057692307692 0.020432692307692308 0.140625
1 0.9266826923076923 0.4182692307692308 0.03485576923076923 0.15985576923076922
2 0.33653846153846156 0.20192307692307693 0.03485576923076923 0.1502403846153846
2 0.4375 0.19471153846153846 0.030048076923076924 0.17427884615384615