2 0.7776442307692307 0.08173076923076923 0.030048076923076924 0.12620192307692307
0 0.6850961538461539 0.0889423076923077 0.02283653846153846 0.12259615384615384
1 0.6610576923076923 0.08413461538461539 0.020432692307692308 0.12259615384615384
2 0.6370192307692307 0.08653846153846154 0.025240384615384616 0.11778846153846154
3 0.6117788461538461 0.08653846153846154 0.025240384615384616 0.0985576923076923
3 0.5865384615384616 0.08173076923076923 0.025240384615384616 0.13581730769230768
2 0.5625 0.08653846153846154 0.030048076923076924 0.12620192307692307
2 0.5216346153846154 0.0889423076923077 0.027644230769230768 0.12259615384615384
7 0.49038461538461536 0.08653846153846154 0.03485576923076923 0.14543269230769232
3 0.7860576923076923 0.33533653846153844 0.042067307692307696 0.12620192307692307
2 0.75 0.33774038461538464 0.030048076923076924 0.1502403846153846
2 0.7139423076923077 0.3425480769230769 0.025240384615384616 0.1310096153846154
3 0.6887019230769231 0.3449519230769231 0.030048076923076924 0.12620192307692307
1 0.6502403846153846 0.33533653846153844 0.02283653846153846 0.12620192307692307
3 0.6298076923076923 0.3449519230769231 0.02283653846153846 0.12620192307692307
2 0.6033653846153846 0.3545673076923077 0.02283653846153846 0.12620192307692307
6 0.578125 0.3545673076923077 0.027644230769230768 0.14543269230769232
2 0.17668269230769232 0.5564903846153846 0.02283653846153846 0.14543269230769232
9 0.1502403846153846 0.5612980769230769 0.025240384615384616 0.16466346153846154
4 0.1141826923076923 0.5661057692307693 0.02283653846153846 0.13581730769230768
1 0.09134615384615384 0.5564903846153846 0.02283653846153846 0.13581730769230768
2 0.6670673076923077 0.7956730769230769 0.02283653846153846 0.13581730769230768
2 0.5721153846153846 0.7908653846153846 0.030048076923076924 0.14543269230769232