2 0.22235576923076922 0.09615384615384616 0.03485576923076923 0.13581730769230768
0 0.31971153846153844 0.10096153846153846 0.027644230769230768 0.12620192307692307
1 0.34615384615384615 0.10096153846153846 0.025240384615384616 0.13581730769230768
2 0.36658653846153844 0.09375 0.016826923076923076 0.1310096153846154
3 0.3918269230769231 0.09375 0.02283653846153846 0.140625
3 0.4206730769230769 0.10336538461538461 0.025240384615384616 0.1310096153846154
2 0.4423076923076923 0.09134615384615384 0.019230769230769232 0.11778846153846154
2 0.48197115384615385 0.10336538461538461 0.02283653846153846 0.1502403846153846
6 0.5108173076923077 0.10096153846153846 0.027644230769230768 0.13581730769230768
3 0.22355769230769232 0.3425480769230769 0.03245192307692308 0.11298076923076923
2 0.25 0.3473557692307692 0.019230769230769232 0.12259615384615384
2 0.29086538461538464 0.359375 0.02283653846153846 0.10817307692307693
3 0.3161057692307692 0.35216346153846156 0.020432692307692308 0.11298076923076923
1 0.3557692307692308 0.34975961538461536 0.025240384615384616 0.10817307692307693
3 0.3798076923076923 0.3545673076923077 0.02283653846153846 0.11778846153846154
2 0.40384615384615385 0.3641826923076923 0.020432692307692308 0.12620192307692307
6 0.4266826923076923 0.35216346153846156 0.02283653846153846 0.11298076923076923
2 0.8353365384615384 0.5661057692307693 0.020432692307692308 0.15504807692307693
9 0.859375 0.5588942307692307 0.020432692307692308 0.1310096153846154
4 0.8978365384615384 0.5709134615384616 0.02283653846153846 0.14543269230769232
5 0.9254807692307693 0.5733173076923077 0.03245192307692308 0.1310096153846154
2 0.33653846153846156 0.7956730769230769 0.025240384615384616 0.13581730769230768
2 0.4338942307692308 0.8076923076923077 0.027644230769230768 0.1778846153846154