2 0.7788461538461539 0.10096153846153846 0.03245192307692308 0.12620192307692307
0 0.6814903846153846 0.09615384615384616 0.025240384615384616 0.10817307692307693
1 0.6538461538461539 0.09615384615384616 0.025240384615384616 0.12620192307692307
2 0.6346153846153846 0.0985576923076923 0.016826923076923076 0.11298076923076923
3 0.6081730769230769 0.10336538461538461 0.02283653846153846 0.1310096153846154
3 0.5829326923076923 0.0985576923076923 0.02283653846153846 0.11298076923076923
2 0.5576923076923077 0.10336538461538461 0.025240384615384616 0.140625
1 0.5180288461538461 0.10576923076923077 0.02283653846153846 0.11778846153846154
3 0.4891826923076923 0.10576923076923077 0.027644230769230768 0.12620192307692307
3 0.7764423076923077 0.33774038461538464 0.037259615384615384 0.12259615384615384
2 0.7451923076923077 0.3449519230769231 0.020432692307692308 0.12620192307692307
2 0.7103365384615384 0.3473557692307692 0.016826923076923076 0.1310096153846154
3 0.6802884615384616 0.34975961538461536 0.02283653846153846 0.12620192307692307
1 0.6430288461538461 0.35216346153846156 0.019230769230769232 0.1502403846153846
3 0.6177884615384616 0.3425480769230769 0.027644230769230768 0.11298076923076923
2 0.5949519230769231 0.3449519230769231 0.019230769230769232 0.12620192307692307
6 0.5709134615384616 0.3473557692307692 0.027644230769230768 0.09375
2 0.17668269230769232 0.5564903846153846 0.03245192307692308 0.12620192307692307
4 0.14423076923076922 0.5637019230769231 0.027644230769230768 0.12259615384615384
5 0.10817307692307693 0.5637019230769231 0.020432692307692308 0.140625
7 0.07091346153846154 0.5793269230769231 0.039663461538461536 0.14543269230769232
2 0.6598557692307693 0.7764423076923077 0.027644230769230768 0.14543269230769232
2 0.5564903846153846 0.8257211538461539 0.039663461538461536 0.21634615384615385