2 0.78125 0.8966346153846154 0.03245192307692308 0.1310096153846154
0 0.6875 0.8918269230769231 0.027644230769230768 0.12259615384615384
1 0.6622596153846154 0.8966346153846154 0.02283653846153846 0.1310096153846154
2 0.640625 0.8846153846153846 0.019230769230769232 0.12620192307692307
3 0.6129807692307693 0.8870192307692307 0.027644230769230768 0.11298076923076923
3 0.5889423076923077 0.8894230769230769 0.025240384615384616 0.10817307692307693
2 0.5612980769230769 0.8737980769230769 0.02283653846153846 0.140625
3 0.5204326923076923 0.8822115384615384 0.020432692307692308 0.12259615384615384
1 0.49399038461538464 0.8942307692307693 0.027644230769230768 0.13581730769230768
3 0.7788461538461539 0.6526442307692307 0.027644230769230768 0.12259615384615384
2 0.7512019230769231 0.6502403846153846 0.020432692307692308 0.14543269230769232
2 0.7139423076923077 0.640625 0.016826923076923076 0.16466346153846154
3 0.6899038461538461 0.6598557692307693 0.027644230769230768 0.0985576923076923
1 0.6490384615384616 0.6478365384615384 0.020432692307692308 0.12259615384615384
3 0.6274038461538461 0.6358173076923077 0.02283653846153846 0.12620192307692307
2 0.6045673076923077 0.6430288461538461 0.016826923076923076 0.140625
6 0.5709134615384616 0.6454326923076923 0.042067307692307696 0.12620192307692307
7 0.17427884615384615 0.4266826923076923 0.02283653846153846 0.12259615384615384
9 0.1346153846153846 0.41586538461538464 0.019230769230769232 0.14543269230769232
9 0.10697115384615384 0.4254807692307692 0.03245192307692308 0.14543269230769232
2 0.6622596153846154 0.19951923076923078 0.02283653846153846 0.14543269230769232
2 0.5661057692307693 0.18990384615384615 0.03245192307692308 0.17427884615384615