2 0.7704326923076923 0.08413461538461539 0.020432692307692308 0.11298076923076923
0 0.6826923076923077 0.07692307692307693 0.027644230769230768 0.12620192307692307
1 0.6586538461538461 0.09375 0.030048076923076924 0.140625
2 0.6346153846153846 0.09134615384615384 0.019230769230769232 0.12620192307692307
3 0.6105769230769231 0.08653846153846154 0.02283653846153846 0.12620192307692307
3 0.5829326923076923 0.09615384615384616 0.027644230769230768 0.13581730769230768
2 0.5612980769230769 0.09615384615384616 0.019230769230769232 0.12620192307692307
3 0.5168269230769231 0.0889423076923077 0.025240384615384616 0.12259615384615384
5 0.49158653846153844 0.0889423076923077 0.02283653846153846 0.12259615384615384
3 0.7764423076923077 0.32572115384615385 0.027644230769230768 0.11778846153846154
2 0.7487980769230769 0.328125 0.019230769230769232 0.1310096153846154
2 0.7103365384615384 0.33052884615384615 0.020432692307692308 0.0889423076923077
3 0.6850961538461539 0.3401442307692308 0.027644230769230768 0.10817307692307693
1 0.6466346153846154 0.3425480769230769 0.025240384615384616 0.11298076923076923
3 0.6201923076923077 0.3329326923076923 0.02283653846153846 0.11298076923076923
2 0.5961538461538461 0.3425480769230769 0.019230769230769232 0.11298076923076923
6 0.5721153846153846 0.33533653846153844 0.025240384615384616 0.12620192307692307
7 0.171875 0.5444711538461539 0.030048076923076924 0.1310096153846154
4 0.13221153846153846 0.5444711538461539 0.025240384615384616 0.12259615384615384
8 0.10096153846153846 0.5492788461538461 0.030048076923076924 0.1310096153846154
2 0.6598557692307693 0.78125 0.027644230769230768 0.16466346153846154
2 0.5649038461538461 0.7860576923076923 0.030048076923076924 0.19230769230769232