2 0.7740384615384616 0.9254807692307693 0.027644230769230768 0.1310096153846154
0 0.6790865384615384 0.9230769230769231 0.025240384615384616 0.12620192307692307
1 0.6538461538461539 0.9254807692307693 0.030048076923076924 0.140625
2 0.6322115384615384 0.9230769230769231 0.019230769230769232 0.12620192307692307
3 0.6081730769230769 0.9182692307692307 0.02283653846153846 0.13581730769230768
3 0.5841346153846154 0.9182692307692307 0.020432692307692308 0.10817307692307693
2 0.5576923076923077 0.9230769230769231 0.019230769230769232 0.14543269230769232
3 0.5144230769230769 0.9206730769230769 0.025240384615384616 0.140625
9 0.4879807692307692 0.9086538461538461 0.025240384615384616 0.17427884615384615
3 0.7740384615384616 0.6742788461538461 0.03245192307692308 0.17427884615384615
2 0.7463942307692307 0.6646634615384616 0.019230769230769232 0.13581730769230768
2 0.7115384615384616 0.6574519230769231 0.020432692307692308 0.12259615384615384
3 0.6838942307692307 0.6550480769230769 0.030048076923076924 0.13581730769230768
1 0.6466346153846154 0.6694711538461539 0.025240384615384616 0.13581730769230768
3 0.6237980769230769 0.6550480769230769 0.025240384615384616 0.12620192307692307
2 0.5961538461538461 0.671875 0.020432692307692308 0.1310096153846154
6 0.5673076923076923 0.6646634615384616 0.039663461538461536 0.14543269230769232
7 0.16826923076923078 0.45552884615384615 0.027644230769230768 0.1502403846153846
4 0.12860576923076922 0.4483173076923077 0.019230769230769232 0.16466346153846154
0 0.10336538461538461 0.46033653846153844 0.03485576923076923 0.12259615384615384
2 0.6634615384615384 0.20673076923076922 0.020432692307692308 0.1502403846153846
2 0.5612980769230769 0.21394230769230768 0.046875 0.14543269230769232