2 0.7764423076923077 0.9134615384615384 0.02283653846153846 0.12620192307692307
0 0.6826923076923077 0.9038461538461539 0.03245192307692308 0.11778846153846154
1 0.6586538461538461 0.9110576923076923 0.025240384615384616 0.12259615384615384
2 0.6346153846153846 0.9086538461538461 0.025240384615384616 0.11778846153846154
3 0.609375 0.9086538461538461 0.025240384615384616 0.0985576923076923
3 0.5829326923076923 0.9014423076923077 0.02283653846153846 0.11298076923076923
2 0.5600961538461539 0.8990384615384616 0.020432692307692308 0.12620192307692307
3 0.5192307692307693 0.9158653846153846 0.025240384615384616 0.12259615384615384
4 0.4879807692307692 0.9086538461538461 0.030048076923076924 0.11778846153846154
3 0.7776442307692307 0.6646634615384616 0.039663461538461536 0.11778846153846154
2 0.7487980769230769 0.6574519230769231 0.02283653846153846 0.12259615384615384
2 0.7115384615384616 0.6646634615384616 0.016826923076923076 0.10817307692307693
3 0.6826923076923077 0.6598557692307693 0.027644230769230768 0.12620192307692307
1 0.6454326923076923 0.6622596153846154 0.02283653846153846 0.11298076923076923
3 0.6225961538461539 0.6646634615384616 0.02283653846153846 0.11778846153846154
2 0.5961538461538461 0.6598557692307693 0.020432692307692308 0.11778846153846154
6 0.5733173076923077 0.6646634615384616 0.027644230769230768 0.10817307692307693
7 0.16947115384615385 0.4579326923076923 0.025240384615384616 0.13581730769230768
4 0.13221153846153846 0.453125 0.020432692307692308 0.12620192307692307
6 0.10336538461538461 0.44350961538461536 0.030048076923076924 0.14543269230769232
2 0.65625 0.21153846153846154 0.030048076923076924 0.10336538461538461
2 0.5637019230769231 0.20192307692307693 0.03245192307692308 0.140625