2 0.22355769230769232 0.11538461538461539 0.027644230769230768 0.10817307692307693
0 0.3173076923076923 0.13341346153846154 0.02283653846153846 0.13581730769230768
1 0.34134615384615385 0.11057692307692307 0.020432692307692308 0.10817307692307693
2 0.36538461538461536 0.1201923076923077 0.019230769230769232 0.12620192307692307
3 0.3894230769230769 0.12259615384615384 0.027644230769230768 0.140625
3 0.4182692307692308 0.125 0.025240384615384616 0.13581730769230768
2 0.4423076923076923 0.12259615384615384 0.020432692307692308 0.140625
3 0.4831730769230769 0.125 0.020432692307692308 0.13581730769230768
0 0.5096153846153846 0.11298076923076923 0.025240384615384616 0.1310096153846154
3 0.2247596153846154 0.3641826923076923 0.025240384615384616 0.12620192307692307
2 0.2548076923076923 0.36899038461538464 0.020432692307692308 0.15504807692307693
2 0.2920673076923077 0.3641826923076923 0.016826923076923076 0.10817307692307693
3 0.3161057692307692 0.36658653846153844 0.020432692307692308 0.1310096153846154
1 0.3545673076923077 0.3737980769230769 0.019230769230769232 0.12620192307692307
3 0.3798076923076923 0.36658653846153844 0.027644230769230768 0.10336538461538461
2 0.4026442307692308 0.3641826923076923 0.020432692307692308 0.0985576923076923
6 0.43028846153846156 0.36658653846153844 0.03485576923076923 0.1310096153846154
6 0.8341346153846154 0.5865384615384616 0.027644230769230768 0.140625
5 0.8689903846153846 0.5709134615384616 0.019230769230769232 0.12620192307692307
3 0.9002403846153846 0.5865384615384616 0.03245192307692308 0.12259615384615384
2 0.3425480769230769 0.7884615384615384 0.019230769230769232 0.1310096153846154
2 0.43509615384615385 0.7956730769230769 0.03485576923076923 0.10817307692307693