2 0.7788461538461539 0.11538461538461539 0.02283653846153846 0.12620192307692307
0 0.6850961538461539 0.11298076923076923 0.02283653846153846 0.10336538461538461
1 0.6598557692307693 0.10817307692307693 0.019230769230769232 0.10336538461538461
2 0.6346153846153846 0.11538461538461539 0.020432692307692308 0.10817307692307693
3 0.6081730769230769 0.11778846153846154 0.02283653846153846 0.10336538461538461
3 0.5853365384615384 0.11057692307692307 0.02283653846153846 0.10817307692307693
2 0.5588942307692307 0.11538461538461539 0.019230769230769232 0.11778846153846154
3 0.5180288461538461 0.11538461538461539 0.02283653846153846 0.10817307692307693
8 0.49278846153846156 0.11298076923076923 0.025240384615384616 0.11298076923076923
3 0.7776442307692307 0.35216346153846156 0.025240384615384616 0.10336538461538461
2 0.75 0.36177884615384615 0.025240384615384616 0.11298076923076923
2 0.7127403846153846 0.35697115384615385 0.014423076923076924 0.11298076923076923
3 0.6875 0.3545673076923077 0.027644230769230768 0.11778846153846154
1 0.6466346153846154 0.3545673076923077 0.020432692307692308 0.12620192307692307
3 0.6237980769230769 0.34975961538461536 0.025240384615384616 0.11778846153846154
2 0.5961538461538461 0.3545673076923077 0.02283653846153846 0.10817307692307693
6 0.5721153846153846 0.34975961538461536 0.030048076923076924 0.11778846153846154
6 0.17668269230769232 0.5793269230769231 0.03245192307692308 0.10817307692307693
5 0.13341346153846154 0.5733173076923077 0.02283653846153846 0.10336538461538461
5 0.1045673076923077 0.5793269230769231 0.03245192307692308 0.11778846153846154
2 0.6610576923076923 0.8076923076923077 0.020432692307692308 0.12259615384615384
2 0.5697115384615384 0.8100961538461539 0.030048076923076924 0.13581730769230768