2 0.21634615384615385 0.8798076923076923 0.027644230769230768 0.13581730769230768
0 0.3088942307692308 0.8822115384615384 0.020432692307692308 0.11298076923076923
1 0.33533653846153844 0.8870192307692307 0.02283653846153846 0.11298076923076923
2 0.3605769230769231 0.875 0.016826923076923076 0.10817307692307693
3 0.38221153846153844 0.8798076923076923 0.02283653846153846 0.12620192307692307
3 0.4098557692307692 0.8774038461538461 0.02283653846153846 0.11298076923076923
2 0.43509615384615385 0.8894230769230769 0.025240384615384616 0.15504807692307693
3 0.47475961538461536 0.8713942307692307 0.020432692307692308 0.15504807692307693
7 0.5048076923076923 0.8942307692307693 0.030048076923076924 0.15504807692307693
3 0.21394230769230768 0.6286057692307693 0.03245192307692308 0.12259615384615384
2 0.24158653846153846 0.6358173076923077 0.025240384615384616 0.11778846153846154
2 0.2824519230769231 0.640625 0.019230769230769232 0.10817307692307693
3 0.30528846153846156 0.6334134615384616 0.02283653846153846 0.1502403846153846
1 0.3449519230769231 0.6334134615384616 0.02283653846153846 0.11298076923076923
3 0.36899038461538464 0.6286057692307693 0.025240384615384616 0.11298076923076923
2 0.39302884615384615 0.640625 0.020432692307692308 0.12620192307692307
6 0.4182692307692308 0.6334134615384616 0.025240384615384616 0.1310096153846154
6 0.8197115384615384 0.4206730769230769 0.025240384615384616 0.10817307692307693
4 0.8605769230769231 0.41586538461538464 0.02283653846153846 0.10817307692307693
3 0.8882211538461539 0.40865384615384615 0.027644230769230768 0.12259615384615384
2 0.328125 0.1875 0.03245192307692308 0.12259615384615384
2 0.4254807692307692 0.18028846153846154 0.020432692307692308 0.14543269230769232