2 0.22716346153846154 0.8918269230769231 0.020432692307692308 0.140625
0 0.32091346153846156 0.8918269230769231 0.025240384615384616 0.1310096153846154
1 0.3449519230769231 0.8942307692307693 0.02283653846153846 0.12620192307692307
2 0.36778846153846156 0.8894230769230769 0.019230769230769232 0.13581730769230768
3 0.39302884615384615 0.8990384615384616 0.020432692307692308 0.13581730769230768
3 0.4182692307692308 0.8798076923076923 0.025240384615384616 0.11778846153846154
2 0.4423076923076923 0.8822115384615384 0.025240384615384616 0.12259615384615384
3 0.4855769230769231 0.8822115384615384 0.025240384615384616 0.12259615384615384
6 0.5108173076923077 0.8774038461538461 0.027644230769230768 0.140625
3 0.23076923076923078 0.6454326923076923 0.02283653846153846 0.11778846153846154
2 0.25240384615384615 0.6382211538461539 0.016826923076923076 0.12259615384615384
2 0.29447115384615385 0.6382211538461539 0.020432692307692308 0.140625
3 0.31850961538461536 0.6382211538461539 0.020432692307692308 0.1310096153846154
1 0.359375 0.6382211538461539 0.02283653846153846 0.11298076923076923
3 0.38221153846153844 0.6382211538461539 0.02283653846153846 0.11298076923076923
2 0.40384615384615385 0.6478365384615384 0.019230769230769232 0.11298076923076923
6 0.43028846153846156 0.6358173076923077 0.030048076923076924 0.12620192307692307
2 0.8245192307692307 0.4338942307692308 0.03485576923076923 0.13581730769230768
3 0.859375 0.42908653846153844 0.025240384615384616 0.13581730769230768
1 0.8942307692307693 0.4338942307692308 0.025240384615384616 0.12620192307692307
3 0.9242788461538461 0.4182692307692308 0.030048076923076924 0.12259615384615384
2 0.33533653846153844 0.20432692307692307 0.019230769230769232 0.11778846153846154
2 0.4411057692307692 0.2091346153846154 0.027644230769230768 0.14543269230769232