2 0.7788461538461539 0.11298076923076923 0.02283653846153846 0.12259615384615384
0 0.6875 0.12620192307692307 0.027644230769230768 0.12259615384615384
1 0.6622596153846154 0.11778846153846154 0.02283653846153846 0.12259615384615384
2 0.6358173076923077 0.11057692307692307 0.019230769230769232 0.10817307692307693
3 0.6105769230769231 0.10576923076923077 0.027644230769230768 0.11778846153846154
3 0.5877403846153846 0.11057692307692307 0.02283653846153846 0.10817307692307693
2 0.5600961538461539 0.11057692307692307 0.020432692307692308 0.12620192307692307
2 0.5192307692307693 0.10096153846153846 0.020432692307692308 0.12620192307692307
3 0.49278846153846156 0.125 0.025240384615384616 0.15504807692307693
3 0.7800480769230769 0.36177884615384615 0.04447115384615385 0.1310096153846154
2 0.7487980769230769 0.36177884615384615 0.02283653846153846 0.140625
2 0.7115384615384616 0.36177884615384615 0.019230769230769232 0.12259615384615384
3 0.6887019230769231 0.35697115384615385 0.030048076923076924 0.10336538461538461
1 0.6478365384615384 0.3713942307692308 0.02283653846153846 0.12259615384615384
3 0.6225961538461539 0.36899038461538464 0.02283653846153846 0.15504807692307693
2 0.6009615384615384 0.36658653846153844 0.019230769230769232 0.140625
6 0.5769230769230769 0.36658653846153844 0.030048076923076924 0.12259615384615384
2 0.17548076923076922 0.5793269230769231 0.025240384615384616 0.13581730769230768
2 0.1466346153846154 0.5793269230769231 0.02283653846153846 0.16466346153846154
1 0.10817307692307693 0.5793269230769231 0.020432692307692308 0.16466346153846154
8 0.07932692307692307 0.5769230769230769 0.03245192307692308 0.140625
2 0.6658653846153846 0.7956730769230769 0.030048076923076924 0.13581730769230768
2 0.5709134615384616 0.7956730769230769 0.027644230769230768 0.18269230769230768