1 0.7764423076923077 0.08533653846153846 0.03245192307692308 0.125
0 0.6887019230769231 0.0733173076923077 0.027644230769230768 0.11057692307692307
1 0.6610576923076923 0.0829326923076923 0.02283653846153846 0.10096153846153846
2 0.6370192307692307 0.0733173076923077 0.025240384615384616 0.10096153846153846
3 0.6117788461538461 0.07572115384615384 0.025240384615384616 0.10576923076923077
3 0.5877403846153846 0.09495192307692307 0.02283653846153846 0.125
1 0.5625 0.08052884615384616 0.02283653846153846 0.10576923076923077
3 0.5192307692307693 0.07572115384615384 0.030048076923076924 0.11538461538461539
2 0.4891826923076923 0.07572115384615384 0.025240384615384616 0.11538461538461539
3 0.7788461538461539 0.3245192307692308 0.037259615384615384 0.125
1 0.7463942307692307 0.3317307692307692 0.027644230769230768 0.13822115384615385
2 0.7127403846153846 0.3245192307692308 0.020432692307692308 0.16105769230769232
3 0.6838942307692307 0.3245192307692308 0.027644230769230768 0.10576923076923077
1 0.6502403846153846 0.32211538461538464 0.027644230769230768 0.12860576923076922
3 0.6225961538461539 0.3269230769230769 0.027644230769230768 0.15625
2 0.5973557692307693 0.32211538461538464 0.020432692307692308 0.1658653846153846
6 0.5721153846153846 0.3293269230769231 0.03485576923076923 0.125
7 0.17307692307692307 0.5348557692307693 0.027644230769230768 0.11057692307692307
4 0.13221153846153846 0.5252403846153846 0.015625 0.11057692307692307
4 0.10216346153846154 0.5276442307692307 0.030048076923076924 0.11538461538461539
2 0.6610576923076923 0.7632211538461539 0.03245192307692308 0.10576923076923077
2 0.5685096153846154 0.7740384615384616 0.025240384615384616 0.13822115384615385