1 0.7764423076923077 0.875 0.037259615384615384 0.14783653846153846
0 0.6802884615384616 0.8798076923076923 0.025240384615384616 0.10096153846153846
1 0.6538461538461539 0.8894230769230769 0.02283653846153846 0.10096153846153846
2 0.6322115384615384 0.8942307692307693 0.020432692307692308 0.11057692307692307
3 0.6045673076923077 0.875 0.025240384615384616 0.12860576923076922
3 0.5805288461538461 0.8894230769230769 0.02283653846153846 0.10096153846153846
1 0.5552884615384616 0.8798076923076923 0.027644230769230768 0.14783653846153846
2 0.5096153846153846 0.8870192307692307 0.02283653846153846 0.13341346153846154
2 0.4855769230769231 0.8798076923076923 0.025240384615384616 0.13822115384615385
3 0.7752403846153846 0.6430288461538461 0.039663461538461536 0.13341346153846154
1 0.7403846153846154 0.6430288461538461 0.030048076923076924 0.13341346153846154
2 0.7019230769230769 0.6334134615384616 0.025240384615384616 0.16105769230769232
3 0.6778846153846154 0.640625 0.027644230769230768 0.12860576923076922
1 0.640625 0.6382211538461539 0.027644230769230768 0.11538461538461539
3 0.6141826923076923 0.640625 0.025240384615384616 0.12860576923076922
2 0.5889423076923077 0.6430288461538461 0.020432692307692308 0.13341346153846154
6 0.5637019230769231 0.6430288461538461 0.030048076923076924 0.125
2 0.15384615384615385 0.43509615384615385 0.03245192307692308 0.13341346153846154
2 0.13221153846153846 0.43509615384615385 0.020432692307692308 0.14302884615384615
5 0.09134615384615384 0.43509615384615385 0.020432692307692308 0.14302884615384615
4 0.06610576923076923 0.44711538461538464 0.03485576923076923 0.12860576923076922
2 0.6550480769230769 0.21875 0.03485576923076923 0.17067307692307693
2 0.5564903846153846 0.203125 0.039663461538461536 0.1658653846153846