1 0.21754807692307693 0.10336538461538461 0.030048076923076924 0.14302884615384615
0 0.31009615384615385 0.09254807692307693 0.025240384615384616 0.14783653846153846
1 0.33533653846153844 0.09254807692307693 0.020432692307692308 0.14783653846153846
2 0.35697115384615385 0.0985576923076923 0.018028846153846152 0.11538461538461539
3 0.38461538461538464 0.10096153846153846 0.02283653846153846 0.12860576923076922
3 0.4050480769230769 0.10336538461538461 0.018028846153846152 0.11538461538461539
5 0.43509615384615385 0.10096153846153846 0.027644230769230768 0.1201923076923077
2 0.47475961538461536 0.11057692307692307 0.02283653846153846 0.12860576923076922
1 0.5012019230769231 0.10096153846153846 0.030048076923076924 0.09254807692307693
3 0.21634615384615385 0.34975961538461536 0.027644230769230768 0.13822115384615385
1 0.2439903846153846 0.3389423076923077 0.027644230769230768 0.11538461538461539
2 0.28125 0.3473557692307692 0.018028846153846152 0.11538461538461539
3 0.30528846153846156 0.34134615384615385 0.025240384615384616 0.12860576923076922
1 0.3473557692307692 0.3473557692307692 0.020432692307692308 0.125
3 0.3701923076923077 0.34975961538461536 0.025240384615384616 0.1201923076923077
2 0.39663461538461536 0.3545673076923077 0.018028846153846152 0.12860576923076922
6 0.41947115384615385 0.34615384615384615 0.03245192307692308 0.1201923076923077
2 0.8209134615384616 0.5576923076923077 0.020432692307692308 0.1201923076923077
2 0.8461538461538461 0.5552884615384616 0.02283653846153846 0.11538461538461539
5 0.8798076923076923 0.5673076923076923 0.018028846153846152 0.1201923076923077
2 0.9038461538461539 0.5673076923076923 0.025240384615384616 0.12860576923076922
2 0.3233173076923077 0.7788461538461539 0.03485576923076923 0.14783653846153846
2 0.421875 0.7860576923076923 0.02283653846153846 0.125