1 0.7728365384615384 0.10817307692307693 0.03485576923076923 0.14302884615384615
0 0.6754807692307693 0.11298076923076923 0.02283653846153846 0.13341346153846154
1 0.6526442307692307 0.11538461538461539 0.02283653846153846 0.1201923076923077
2 0.6274038461538461 0.11057692307692307 0.015625 0.1201923076923077
3 0.6033653846153846 0.11057692307692307 0.02283653846153846 0.1201923076923077
3 0.5745192307692307 0.11538461538461539 0.025240384615384616 0.12860576923076922
1 0.5528846153846154 0.10576923076923077 0.027644230769230768 0.1201923076923077
2 0.5108173076923077 0.1201923076923077 0.020432692307692308 0.13822115384615385
5 0.4855769230769231 0.11298076923076923 0.025240384615384616 0.14302884615384615
3 0.7644230769230769 0.36658653846153844 0.03245192307692308 0.11538461538461539
1 0.7355769230769231 0.36899038461538464 0.027644230769230768 0.12860576923076922
2 0.7007211538461539 0.3641826923076923 0.018028846153846152 0.11057692307692307
3 0.6754807692307693 0.3713942307692308 0.02283653846153846 0.13341346153846154
1 0.6346153846153846 0.3641826923076923 0.020432692307692308 0.12860576923076922
3 0.6105769230769231 0.3713942307692308 0.027644230769230768 0.13341346153846154
2 0.5877403846153846 0.36899038461538464 0.02283653846153846 0.13822115384615385
6 0.5625 0.3737980769230769 0.03245192307692308 0.12860576923076922
2 0.15625 0.5673076923076923 0.02283653846153846 0.1201923076923077
1 0.12620192307692307 0.5829326923076923 0.027644230769230768 0.13341346153846154
2 0.0889423076923077 0.5697115384615384 0.015625 0.15264423076923078
8 0.05889423076923077 0.5853365384615384 0.03485576923076923 0.15625
2 0.6490384615384616 0.8245192307692307 0.025240384615384616 0.15625
2 0.5492788461538461 0.8245192307692307 0.03485576923076923 0.18389423076923078