1 0.22956730769230768 0.9074519230769231 0.030048076923076924 0.1201923076923077
0 0.3245192307692308 0.9074519230769231 0.027644230769230768 0.1201923076923077
1 0.34975961538461536 0.921875 0.027644230769230768 0.10096153846153846
2 0.37259615384615385 0.921875 0.025240384615384616 0.11057692307692307
3 0.39663461538461536 0.9122596153846154 0.027644230769230768 0.11057692307692307
3 0.4230769230769231 0.9098557692307693 0.020432692307692308 0.13341346153846154
1 0.4483173076923077 0.9170673076923077 0.025240384615384616 0.11057692307692307
2 0.4855769230769231 0.9098557692307693 0.018028846153846152 0.14302884615384615
9 0.515625 0.9074519230769231 0.027644230769230768 0.12860576923076922
3 0.234375 0.6538461538461539 0.025240384615384616 0.13822115384615385
1 0.26322115384615385 0.6502403846153846 0.027644230769230768 0.14783653846153846
2 0.2920673076923077 0.65625 0.027644230769230768 0.125
3 0.32091346153846156 0.6658653846153846 0.025240384615384616 0.09735576923076923
1 0.359375 0.6538461538461539 0.027644230769230768 0.1201923076923077
3 0.3870192307692308 0.6610576923076923 0.027644230769230768 0.10576923076923077
2 0.40625 0.6610576923076923 0.015625 0.11538461538461539
6 0.4338942307692308 0.6610576923076923 0.025240384615384616 0.125
2 0.8401442307692307 0.4495192307692308 0.025240384615384616 0.14302884615384615
1 0.8665865384615384 0.44471153846153844 0.03245192307692308 0.18028846153846154
1 0.9050480769230769 0.4543269230769231 0.02283653846153846 0.14302884615384615
5 0.9314903846153846 0.44711538461538464 0.025240384615384616 0.1658653846153846
2 0.35216346153846156 0.20552884615384615 0.03245192307692308 0.125
2 0.44591346153846156 0.2091346153846154 0.030048076923076924 0.13341346153846154