1 0.7752403846153846 0.0985576923076923 0.030048076923076924 0.13341346153846154
0 0.6826923076923077 0.08774038461538461 0.025240384615384616 0.11057692307692307
1 0.6550480769230769 0.09735576923076923 0.025240384615384616 0.12860576923076922
2 0.6334134615384616 0.09495192307692307 0.018028846153846152 0.10576923076923077
3 0.6069711538461539 0.09735576923076923 0.025240384615384616 0.10096153846153846
3 0.5817307692307693 0.09495192307692307 0.020432692307692308 0.11538461538461539
1 0.5564903846153846 0.0985576923076923 0.025240384615384616 0.10576923076923077
2 0.5144230769230769 0.09735576923076923 0.020432692307692308 0.10096153846153846
4 0.49038461538461536 0.10576923076923077 0.027644230769230768 0.14783653846153846
3 0.7728365384615384 0.34375 0.020432692307692308 0.13341346153846154
1 0.7427884615384616 0.3473557692307692 0.025240384615384616 0.11538461538461539
2 0.7103365384615384 0.34134615384615385 0.015625 0.12860576923076922
3 0.6826923076923077 0.3389423076923077 0.030048076923076924 0.09735576923076923
1 0.6454326923076923 0.34975961538461536 0.02283653846153846 0.13822115384615385
3 0.6177884615384616 0.3389423076923077 0.03245192307692308 0.125
2 0.5925480769230769 0.3545673076923077 0.02283653846153846 0.1201923076923077
6 0.5697115384615384 0.34375 0.027644230769230768 0.13341346153846154
2 0.1658653846153846 0.5673076923076923 0.02283653846153846 0.1201923076923077
1 0.13581730769230768 0.5576923076923077 0.02283653846153846 0.15625
1 0.09735576923076923 0.5528846153846154 0.020432692307692308 0.13822115384615385
5 0.0733173076923077 0.5600961538461539 0.027644230769230768 0.125
2 0.6538461538461539 0.7944711538461539 0.02283653846153846 0.15264423076923078
2 0.5625 0.796875 0.02283653846153846 0.13822115384615385