1 0.7716346153846154 0.9074519230769231 0.02283653846153846 0.1201923076923077
0 0.6826923076923077 0.8990384615384616 0.025240384615384616 0.13822115384615385
1 0.6538461538461539 0.8942307692307693 0.02283653846153846 0.1201923076923077
2 0.6322115384615384 0.9014423076923077 0.015625 0.125
3 0.6057692307692307 0.8990384615384616 0.027644230769230768 0.1201923076923077
3 0.5817307692307693 0.9014423076923077 0.025240384615384616 0.15264423076923078
1 0.5576923076923077 0.8942307692307693 0.02283653846153846 0.13822115384615385
2 0.5180288461538461 0.8942307692307693 0.018028846153846152 0.11057692307692307
0 0.49158653846153844 0.9050480769230769 0.025240384615384616 0.11538461538461539
3 0.7752403846153846 0.65625 0.039663461538461536 0.10576923076923077
1 0.7403846153846154 0.6430288461538461 0.025240384615384616 0.125
2 0.7079326923076923 0.6430288461538461 0.027644230769230768 0.11538461538461539
3 0.6802884615384616 0.6502403846153846 0.025240384615384616 0.11057692307692307
1 0.6430288461538461 0.6478365384615384 0.027644230769230768 0.125
3 0.6153846153846154 0.6538461538461539 0.02283653846153846 0.1201923076923077
2 0.59375 0.6586538461538461 0.015625 0.1201923076923077
6 0.5685096153846154 0.6502403846153846 0.030048076923076924 0.1201923076923077
2 0.1658653846153846 0.4423076923076923 0.018028846153846152 0.1201923076923077
1 0.13942307692307693 0.43990384615384615 0.025240384615384616 0.125
4 0.10216346153846154 0.4423076923076923 0.020432692307692308 0.1201923076923077
6 0.07572115384615384 0.4423076923076923 0.027644230769230768 0.13822115384615385
2 0.6586538461538461 0.2091346153846154 0.03245192307692308 0.13341346153846154
2 0.5612980769230769 0.2091346153846154 0.03485576923076923 0.11538461538461539