1 0.7776442307692307 0.8966346153846154 0.030048076923076924 0.14302884615384615
0 0.6826923076923077 0.8918269230769231 0.030048076923076924 0.13341346153846154
1 0.6574519230769231 0.8990384615384616 0.025240384615384616 0.10096153846153846
2 0.6322115384615384 0.9014423076923077 0.020432692307692308 0.10576923076923077
3 0.6081730769230769 0.9014423076923077 0.027644230769230768 0.10576923076923077
3 0.5853365384615384 0.8870192307692307 0.02283653846153846 0.125
1 0.5576923076923077 0.8846153846153846 0.027644230769230768 0.13822115384615385
2 0.515625 0.8966346153846154 0.02283653846153846 0.11538461538461539
8 0.49278846153846156 0.8990384615384616 0.027644230769230768 0.1201923076923077
3 0.7740384615384616 0.6454326923076923 0.027644230769230768 0.12860576923076922
1 0.7439903846153846 0.6478365384615384 0.027644230769230768 0.125
2 0.7067307692307693 0.6478365384615384 0.020432692307692308 0.11538461538461539
3 0.6838942307692307 0.6502403846153846 0.02283653846153846 0.1201923076923077
1 0.6442307692307693 0.640625 0.025240384615384616 0.11057692307692307
3 0.6189903846153846 0.6526442307692307 0.025240384615384616 0.10576923076923077
2 0.5949519230769231 0.6454326923076923 0.018028846153846152 0.12860576923076922
6 0.5697115384615384 0.6454326923076923 0.030048076923076924 0.1201923076923077
2 0.16826923076923078 0.4375 0.03245192307692308 0.14783653846153846
9 0.13942307692307693 0.4326923076923077 0.025240384615384616 0.14783653846153846
3 0.10216346153846154 0.4495192307692308 0.025240384615384616 0.11538461538461539
5 0.07692307692307693 0.43509615384615385 0.020432692307692308 0.11538461538461539
2 0.6574519230769231 0.203125 0.015625 0.14783653846153846
2 0.5612980769230769 0.20072115384615385 0.025240384615384616 0.13341346153846154