1 0.7704326923076923 0.10096153846153846 0.030048076923076924 0.1658653846153846
0 0.6826923076923077 0.09254807692307693 0.020432692307692308 0.1201923076923077
1 0.6586538461538461 0.09254807692307693 0.02283653846153846 0.1201923076923077
2 0.6334134615384616 0.09254807692307693 0.018028846153846152 0.10096153846153846
3 0.6081730769230769 0.09735576923076923 0.02283653846153846 0.10096153846153846
3 0.5805288461538461 0.09495192307692307 0.02283653846153846 0.125
1 0.5588942307692307 0.09735576923076923 0.020432692307692308 0.12860576923076922
2 0.5192307692307693 0.10096153846153846 0.020432692307692308 0.12860576923076922
7 0.49158653846153844 0.09254807692307693 0.025240384615384616 0.13822115384615385
3 0.7728365384615384 0.34615384615384615 0.030048076923076924 0.1201923076923077
1 0.7451923076923077 0.3389423076923077 0.025240384615384616 0.125
2 0.7091346153846154 0.34375 0.018028846153846152 0.125
3 0.6802884615384616 0.34134615384615385 0.025240384615384616 0.11057692307692307
1 0.6466346153846154 0.34375 0.020432692307692308 0.13341346153846154
3 0.6213942307692307 0.34615384615384615 0.030048076923076924 0.10096153846153846
2 0.5949519230769231 0.3389423076923077 0.02283653846153846 0.125
6 0.5649038461538461 0.3389423076923077 0.03245192307692308 0.125
2 0.16346153846153846 0.5600961538461539 0.02283653846153846 0.15264423076923078
9 0.13822115384615385 0.5625 0.027644230769230768 0.14783653846153846
3 0.09975961538461539 0.5576923076923077 0.030048076923076924 0.12860576923076922
8 0.07211538461538461 0.5576923076923077 0.030048076923076924 0.12860576923076922
2 0.6622596153846154 0.7860576923076923 0.030048076923076924 0.11538461538461539
2 0.5600961538461539 0.7920673076923077 0.03245192307692308 0.12860576923076922