1 0.7704326923076923 0.8918269230769231 0.025240384615384616 0.13341346153846154
0 0.6826923076923077 0.8846153846153846 0.030048076923076924 0.1201923076923077
1 0.65625 0.8870192307692307 0.027644230769230768 0.13341346153846154
2 0.6310096153846154 0.8918269230769231 0.02283653846153846 0.11538461538461539
3 0.6081730769230769 0.8894230769230769 0.027644230769230768 0.11057692307692307
3 0.5829326923076923 0.8846153846153846 0.02283653846153846 0.10096153846153846
1 0.5552884615384616 0.8822115384615384 0.02283653846153846 0.13341346153846154
2 0.515625 0.8870192307692307 0.02283653846153846 0.10576923076923077
6 0.4891826923076923 0.8918269230769231 0.030048076923076924 0.11538461538461539
3 0.7692307692307693 0.6502403846153846 0.03245192307692308 0.12860576923076922
1 0.7451923076923077 0.6358173076923077 0.025240384615384616 0.13822115384615385
2 0.7055288461538461 0.6382211538461539 0.027644230769230768 0.10576923076923077
3 0.6802884615384616 0.6430288461538461 0.020432692307692308 0.10576923076923077
1 0.6430288461538461 0.6430288461538461 0.027644230769230768 0.11538461538461539
3 0.6189903846153846 0.6502403846153846 0.025240384615384616 0.10096153846153846
2 0.5949519230769231 0.6430288461538461 0.018028846153846152 0.10576923076923077
6 0.5697115384615384 0.6430288461538461 0.027644230769230768 0.125
2 0.1658653846153846 0.43509615384615385 0.02283653846153846 0.125
9 0.13942307692307693 0.4326923076923077 0.030048076923076924 0.15625
2 0.10096153846153846 0.44471153846153844 0.02283653846153846 0.125
2 0.0733173076923077 0.4495192307692308 0.027644230769230768 0.10576923076923077
2 0.6610576923076923 0.19831730769230768 0.02283653846153846 0.1201923076923077
2 0.5661057692307693 0.20072115384615385 0.030048076923076924 0.10576923076923077