1 0.23076923076923078 0.10336538461538461 0.02283653846153846 0.11538461538461539
0 0.31850961538461536 0.10576923076923077 0.03245192307692308 0.11057692307692307
1 0.3425480769230769 0.11538461538461539 0.025240384615384616 0.1201923076923077
2 0.36899038461538464 0.09735576923076923 0.018028846153846152 0.11057692307692307
3 0.3918269230769231 0.11538461538461539 0.02283653846153846 0.12860576923076922
3 0.41586538461538464 0.11538461538461539 0.020432692307692308 0.11057692307692307
1 0.44471153846153844 0.10576923076923077 0.027644230769230768 0.1201923076923077
1 0.484375 0.10096153846153846 0.02283653846153846 0.11057692307692307
3 0.5120192307692307 0.10576923076923077 0.02283653846153846 0.1201923076923077
3 0.2247596153846154 0.36177884615384615 0.03485576923076923 0.125
1 0.25600961538461536 0.35216346153846156 0.027644230769230768 0.11538461538461539
2 0.2956730769230769 0.359375 0.020432692307692308 0.1201923076923077
3 0.31971153846153844 0.36177884615384615 0.025240384615384616 0.14302884615384615
1 0.3581730769230769 0.3737980769230769 0.025240384615384616 0.13822115384615385
3 0.38221153846153844 0.36177884615384615 0.027644230769230768 0.14302884615384615
2 0.40625 0.3545673076923077 0.015625 0.14783653846153846
6 0.43509615384615385 0.36658653846153844 0.03245192307692308 0.14302884615384615
2 0.8377403846153846 0.5625 0.020432692307692308 0.12860576923076922
9 0.8641826923076923 0.5649038461538461 0.02283653846153846 0.125
9 0.9014423076923077 0.5673076923076923 0.02283653846153846 0.11057692307692307
0 0.9266826923076923 0.5576923076923077 0.027644230769230768 0.1201923076923077
2 0.3473557692307692 0.8112980769230769 0.03245192307692308 0.14783653846153846
2 0.43509615384615385 0.8040865384615384 0.027644230769230768 0.14302884615384615