1 0.22355769230769232 0.8774038461538461 0.027644230769230768 0.125
0 0.3161057692307692 0.8617788461538461 0.027644230769230768 0.11057692307692307
1 0.34134615384615385 0.8641826923076923 0.027644230769230768 0.11538461538461539
2 0.36177884615384615 0.8617788461538461 0.018028846153846152 0.12860576923076922
3 0.3894230769230769 0.8737980769230769 0.018028846153846152 0.13341346153846154
3 0.41586538461538464 0.8617788461538461 0.025240384615384616 0.13822115384615385
1 0.43990384615384615 0.875 0.02283653846153846 0.11057692307692307
3 0.4807692307692308 0.875 0.020432692307692308 0.11057692307692307
1 0.5084134615384616 0.8617788461538461 0.025240384615384616 0.11057692307692307
3 0.23076923076923078 0.625 0.027644230769230768 0.125
1 0.2548076923076923 0.6129807692307693 0.020432692307692308 0.13822115384615385
2 0.2932692307692308 0.6225961538461539 0.025240384615384616 0.14783653846153846
3 0.31850961538461536 0.625 0.02283653846153846 0.125
1 0.3545673076923077 0.6153846153846154 0.02283653846153846 0.13341346153846154
3 0.3798076923076923 0.6033653846153846 0.027644230769230768 0.12860576923076922
2 0.40384615384615385 0.6177884615384616 0.020432692307692308 0.11057692307692307
6 0.4326923076923077 0.6129807692307693 0.037259615384615384 0.13822115384615385
6 0.8341346153846154 0.39663461538461536 0.027644230769230768 0.13822115384615385
2 0.875 0.3942307692307692 0.018028846153846152 0.15264423076923078
5 0.9014423076923077 0.4026442307692308 0.03245192307692308 0.14302884615384615
2 0.3401442307692308 0.16826923076923078 0.030048076923076924 0.11538461538461539
2 0.4362980769230769 0.15865384615384615 0.030048076923076924 0.15264423076923078