1 0.7752403846153846 0.8617788461538461 0.03485576923076923 0.1201923076923077
0 0.6802884615384616 0.859375 0.027644230769230768 0.125
1 0.6526442307692307 0.8569711538461539 0.020432692307692308 0.1201923076923077
2 0.6286057692307693 0.8665865384615384 0.02283653846153846 0.11057692307692307
3 0.6045673076923077 0.8641826923076923 0.030048076923076924 0.125
3 0.5793269230769231 0.8617788461538461 0.020432692307692308 0.12860576923076922
1 0.5528846153846154 0.8641826923076923 0.02283653846153846 0.125
3 0.5132211538461539 0.859375 0.030048076923076924 0.125
5 0.484375 0.8545673076923077 0.027644230769230768 0.125
3 0.765625 0.6057692307692307 0.030048076923076924 0.11538461538461539
1 0.7379807692307693 0.6033653846153846 0.025240384615384616 0.11057692307692307
2 0.6983173076923077 0.6129807692307693 0.02283653846153846 0.10096153846153846
3 0.6766826923076923 0.6129807692307693 0.025240384615384616 0.12860576923076922
1 0.6394230769230769 0.6081730769230769 0.025240384615384616 0.11057692307692307
3 0.6105769230769231 0.6153846153846154 0.02283653846153846 0.10576923076923077
2 0.5877403846153846 0.6129807692307693 0.02283653846153846 0.12860576923076922
6 0.5612980769230769 0.625 0.03485576923076923 0.10576923076923077
6 0.15865384615384615 0.4014423076923077 0.027644230769230768 0.1201923076923077
9 0.11778846153846154 0.3942307692307692 0.02283653846153846 0.14302884615384615
1 0.09134615384615384 0.41225961538461536 0.030048076923076924 0.13341346153846154
2 0.6454326923076923 0.1778846153846154 0.027644230769230768 0.14302884615384615
2 0.5528846153846154 0.18389423076923078 0.037259615384615384 0.11057692307692307