1 0.7704326923076923 0.8713942307692307 0.030048076923076924 0.1201923076923077
0 0.6802884615384616 0.8665865384615384 0.018028846153846152 0.1201923076923077
1 0.6526442307692307 0.875 0.025240384615384616 0.12860576923076922
2 0.6310096153846154 0.8689903846153846 0.02283653846153846 0.125
3 0.6045673076923077 0.8737980769230769 0.025240384615384616 0.125
3 0.5793269230769231 0.8774038461538461 0.020432692307692308 0.10576923076923077
1 0.5540865384615384 0.8713942307692307 0.025240384615384616 0.1201923076923077
3 0.5120192307692307 0.8641826923076923 0.02283653846153846 0.14302884615384615
9 0.4891826923076923 0.8774038461538461 0.025240384615384616 0.125
3 0.7668269230769231 0.625 0.03245192307692308 0.125
1 0.7391826923076923 0.6286057692307693 0.027644230769230768 0.13341346153846154
2 0.7019230769230769 0.6262019230769231 0.025240384615384616 0.1201923076923077
3 0.6778846153846154 0.6225961538461539 0.027644230769230768 0.12860576923076922
1 0.6382211538461539 0.6177884615384616 0.027644230769230768 0.11057692307692307
3 0.6117788461538461 0.625 0.025240384615384616 0.11538461538461539
2 0.5889423076923077 0.625 0.015625 0.125
6 0.5649038461538461 0.6129807692307693 0.037259615384615384 0.1201923076923077
2 0.15985576923076922 0.39903846153846156 0.020432692307692308 0.10576923076923077
3 0.13341346153846154 0.39903846153846156 0.027644230769230768 0.13341346153846154
2 0.09375 0.4050480769230769 0.020432692307692308 0.11057692307692307
5 0.06971153846153846 0.38221153846153844 0.025240384615384616 0.1658653846153846
2 0.6514423076923077 0.1658653846153846 0.03485576923076923 0.12860576923076922
2 0.5552884615384616 0.17307692307692307 0.042067307692307696 0.125