1 0.7716346153846154 0.8665865384615384 0.03245192307692308 0.12860576923076922
0 0.6802884615384616 0.875 0.02283653846153846 0.1201923076923077
1 0.6526442307692307 0.8713942307692307 0.027644230769230768 0.1201923076923077
2 0.6298076923076923 0.8774038461538461 0.015625 0.10576923076923077
3 0.6057692307692307 0.8774038461538461 0.02283653846153846 0.11538461538461539
3 0.5793269230769231 0.8689903846153846 0.025240384615384616 0.11538461538461539
1 0.5540865384615384 0.8665865384615384 0.025240384615384616 0.11057692307692307
3 0.5144230769230769 0.8713942307692307 0.027644230769230768 0.11057692307692307
4 0.4855769230769231 0.8689903846153846 0.02283653846153846 0.125
3 0.7680288461538461 0.6177884615384616 0.03485576923076923 0.11057692307692307
1 0.7403846153846154 0.6105769230769231 0.025240384615384616 0.10576923076923077
2 0.7043269230769231 0.6081730769230769 0.020432692307692308 0.11057692307692307
3 0.6790865384615384 0.6177884615384616 0.020432692307692308 0.11057692307692307
1 0.6430288461538461 0.6225961538461539 0.027644230769230768 0.14783653846153846
3 0.6141826923076923 0.6310096153846154 0.025240384615384616 0.12860576923076922
2 0.5901442307692307 0.6201923076923077 0.018028846153846152 0.14302884615384615
6 0.5637019230769231 0.6177884615384616 0.030048076923076924 0.1201923076923077
2 0.1622596153846154 0.4098557692307692 0.025240384615384616 0.13822115384615385
3 0.13701923076923078 0.4098557692307692 0.025240384615384616 0.1201923076923077
1 0.09735576923076923 0.41466346153846156 0.02283653846153846 0.10096153846153846
7 0.07091346153846154 0.4014423076923077 0.027644230769230768 0.1201923076923077
2 0.6538461538461539 0.19110576923076922 0.037259615384615384 0.11538461538461539
2 0.5576923076923077 0.1814903846153846 0.037259615384615384 0.125