1 0.22355769230769232 0.875 0.027644230769230768 0.1201923076923077
0 0.3137019230769231 0.8641826923076923 0.027644230769230768 0.13341346153846154
1 0.34134615384615385 0.8665865384615384 0.018028846153846152 0.11057692307692307
2 0.3629807692307692 0.8617788461538461 0.015625 0.12860576923076922
3 0.38822115384615385 0.8737980769230769 0.020432692307692308 0.10576923076923077
3 0.41586538461538464 0.8737980769230769 0.025240384615384616 0.10576923076923077
1 0.4411057692307692 0.875 0.025240384615384616 0.09254807692307693
3 0.4831730769230769 0.8665865384615384 0.020432692307692308 0.1201923076923077
0 0.5108173076923077 0.8617788461538461 0.025240384615384616 0.11057692307692307
3 0.2283653846153846 0.6153846153846154 0.027644230769230768 0.15264423076923078
1 0.2548076923076923 0.625 0.020432692307692308 0.125
2 0.2920673076923077 0.6286057692307693 0.02283653846153846 0.10576923076923077
3 0.31850961538461536 0.6286057692307693 0.027644230769230768 0.10576923076923077
1 0.3545673076923077 0.6225961538461539 0.02283653846153846 0.11057692307692307
3 0.3798076923076923 0.6105769230769231 0.02283653846153846 0.11538461538461539
2 0.40384615384615385 0.6201923076923077 0.020432692307692308 0.125
6 0.42908653846153844 0.6129807692307693 0.02283653846153846 0.1201923076923077
2 0.8341346153846154 0.4170673076923077 0.02283653846153846 0.10576923076923077
3 0.8605769230769231 0.4170673076923077 0.025240384615384616 0.13341346153846154
9 0.8978365384615384 0.4074519230769231 0.020432692307692308 0.11538461538461539
3 0.921875 0.4098557692307692 0.02283653846153846 0.1201923076923077
2 0.34375 0.18389423076923078 0.02283653846153846 0.12860576923076922
2 0.4411057692307692 0.17548076923076922 0.025240384615384616 0.12860576923076922