1 0.2283653846153846 0.12259615384615384 0.027644230769230768 0.15264423076923078
0 0.31850961538461536 0.12259615384615384 0.027644230769230768 0.10576923076923077
1 0.3473557692307692 0.12620192307692307 0.025240384615384616 0.10576923076923077
2 0.36899038461538464 0.12860576923076922 0.018028846153846152 0.10096153846153846
3 0.390625 0.12620192307692307 0.020432692307692308 0.10576923076923077
3 0.41586538461538464 0.1310096153846154 0.025240384615384616 0.10576923076923077
1 0.4423076923076923 0.12860576923076922 0.027644230769230768 0.1201923076923077
3 0.4855769230769231 0.1310096153846154 0.025240384615384616 0.11538461538461539
8 0.5084134615384616 0.13341346153846154 0.025240384615384616 0.1201923076923077
3 0.23197115384615385 0.36658653846153844 0.030048076923076924 0.125
1 0.25841346153846156 0.3713942307692308 0.027644230769230768 0.11538461538461539
2 0.296875 0.36177884615384615 0.018028846153846152 0.09735576923076923
3 0.31971153846153844 0.36658653846153844 0.025240384615384616 0.10576923076923077
1 0.3581730769230769 0.37740384615384615 0.025240384615384616 0.1201923076923077
3 0.38221153846153844 0.3713942307692308 0.02283653846153846 0.125
2 0.40865384615384615 0.37740384615384615 0.020432692307692308 0.1201923076923077
6 0.43149038461538464 0.38461538461538464 0.03485576923076923 0.13341346153846154
2 0.8305288461538461 0.5733173076923077 0.025240384615384616 0.10576923076923077
3 0.8605769230769231 0.578125 0.030048076923076924 0.125
9 0.8978365384615384 0.578125 0.025240384615384616 0.10576923076923077
4 0.9266826923076923 0.5805288461538461 0.027644230769230768 0.12860576923076922
2 0.34375 0.796875 0.027644230769230768 0.11057692307692307
2 0.43990384615384615 0.8161057692307693 0.037259615384615384 0.15625