1 0.7740384615384616 0.10576923076923077 0.03245192307692308 0.15625
0 0.6826923076923077 0.0985576923076923 0.025240384615384616 0.13341346153846154
1 0.65625 0.10336538461538461 0.02283653846153846 0.10576923076923077
2 0.6346153846153846 0.11298076923076923 0.015625 0.11538461538461539
3 0.6105769230769231 0.11298076923076923 0.02283653846153846 0.09735576923076923
3 0.5865384615384616 0.10336538461538461 0.025240384615384616 0.09735576923076923
1 0.5600961538461539 0.11298076923076923 0.03245192307692308 0.125
3 0.515625 0.10817307692307693 0.02283653846153846 0.11538461538461539
7 0.49038461538461536 0.10336538461538461 0.027644230769230768 0.10576923076923077
3 0.7716346153846154 0.34615384615384615 0.027644230769230768 0.1201923076923077
1 0.7451923076923077 0.35697115384615385 0.025240384615384616 0.11538461538461539
2 0.7043269230769231 0.35216346153846156 0.025240384615384616 0.11538461538461539
3 0.6802884615384616 0.34975961538461536 0.027644230769230768 0.12860576923076922
1 0.6454326923076923 0.3473557692307692 0.027644230769230768 0.13341346153846154
3 0.6201923076923077 0.35216346153846156 0.027644230769230768 0.125
2 0.5961538461538461 0.3473557692307692 0.020432692307692308 0.10576923076923077
6 0.5697115384615384 0.35697115384615385 0.027644230769230768 0.125
2 0.16947115384615385 0.5673076923076923 0.025240384615384616 0.11057692307692307
3 0.14302884615384615 0.5625 0.02283653846153846 0.12860576923076922
9 0.10576923076923077 0.5733173076923077 0.02283653846153846 0.125
4 0.0829326923076923 0.5709134615384616 0.02283653846153846 0.12860576923076922
2 0.6634615384615384 0.7716346153846154 0.037259615384615384 0.13341346153846154
2 0.5588942307692307 0.7920673076923077 0.04326923076923077 0.13822115384615385