1 0.23317307692307693 0.8689903846153846 0.027644230769230768 0.13341346153846154
0 0.3233173076923077 0.8689903846153846 0.025240384615384616 0.09735576923076923
1 0.35216346153846156 0.8617788461538461 0.03245192307692308 0.10096153846153846
2 0.375 0.8665865384615384 0.02283653846153846 0.10096153846153846
3 0.4014423076923077 0.8665865384615384 0.02283653846153846 0.10096153846153846
3 0.4254807692307692 0.8545673076923077 0.025240384615384616 0.11538461538461539
1 0.4519230769230769 0.8713942307692307 0.027644230769230768 0.10096153846153846
3 0.4879807692307692 0.8617788461538461 0.02283653846153846 0.12860576923076922
6 0.5168269230769231 0.8737980769230769 0.025240384615384616 0.11538461538461539
3 0.23918269230769232 0.6225961538461539 0.027644230769230768 0.11057692307692307
1 0.2668269230769231 0.6153846153846154 0.027644230769230768 0.11538461538461539
2 0.3016826923076923 0.6153846153846154 0.027644230769230768 0.09735576923076923
3 0.3269230769230769 0.6105769230769231 0.027644230769230768 0.11538461538461539
1 0.36658653846153844 0.6201923076923077 0.027644230769230768 0.09735576923076923
3 0.39302884615384615 0.6177884615384616 0.020432692307692308 0.1201923076923077
2 0.4182692307692308 0.6201923076923077 0.020432692307692308 0.11538461538461539
6 0.44471153846153844 0.6201923076923077 0.03245192307692308 0.11538461538461539
2 0.8497596153846154 0.39663461538461536 0.018028846153846152 0.11057692307692307
2 0.875 0.3942307692307692 0.015625 0.125
3 0.9122596153846154 0.4050480769230769 0.02283653846153846 0.1201923076923077
6 0.9387019230769231 0.39903846153846156 0.025240384615384616 0.13341346153846154
2 0.36177884615384615 0.18629807692307693 0.037259615384615384 0.11538461538461539
2 0.45913461538461536 0.17307692307692307 0.039663461538461536 0.125