1 0.765625 0.8737980769230769 0.030048076923076924 0.10576923076923077
0 0.6742788461538461 0.8713942307692307 0.030048076923076924 0.11057692307692307
1 0.6478365384615384 0.8689903846153846 0.02283653846153846 0.11538461538461539
2 0.625 0.8641826923076923 0.02283653846153846 0.11538461538461539
3 0.5985576923076923 0.8641826923076923 0.02283653846153846 0.11538461538461539
3 0.5709134615384616 0.8689903846153846 0.02283653846153846 0.11538461538461539
1 0.5480769230769231 0.8617788461538461 0.02283653846153846 0.12860576923076922
2 0.5072115384615384 0.8713942307692307 0.02283653846153846 0.10096153846153846
3 0.48197115384615385 0.8617788461538461 0.02283653846153846 0.13822115384615385
3 0.7632211538461539 0.6177884615384616 0.037259615384615384 0.1201923076923077
1 0.734375 0.6225961538461539 0.025240384615384616 0.11057692307692307
2 0.6983173076923077 0.6225961538461539 0.014423076923076924 0.11057692307692307
3 0.6694711538461539 0.6177884615384616 0.025240384615384616 0.1201923076923077
1 0.6310096153846154 0.6153846153846154 0.02283653846153846 0.13341346153846154
3 0.6069711538461539 0.625 0.030048076923076924 0.11538461538461539
2 0.5829326923076923 0.6310096153846154 0.018028846153846152 0.11057692307692307
6 0.5552884615384616 0.6201923076923077 0.027644230769230768 0.125
2 0.1466346153846154 0.4074519230769231 0.025240384615384616 0.13341346153846154
2 0.11899038461538461 0.4098557692307692 0.020432692307692308 0.13822115384615385
1 0.07932692307692307 0.4014423076923077 0.025240384615384616 0.13822115384615385
2 0.055288461538461536 0.4050480769230769 0.02283653846153846 0.12860576923076922
2 0.6430288461538461 0.18389423076923078 0.03245192307692308 0.11057692307692307
2 0.5444711538461539 0.18389423076923078 0.03485576923076923 0.12860576923076922