0 0.41346153846153844 0.7860576923076923 0.018028846153846152 0.06971153846153846
1 0.3762019230769231 0.7884615384615384 0.014423076923076924 0.0733173076923077
2 0.34134615384615385 0.7884615384615384 0.018028846153846152 0.05889423076923077
3 0.14903846153846154 0.038461538461538464 0.013221153846153846 0.055288461538461536
4 0.5600961538461539 0.9302884615384616 0.014423076923076924 0.06610576923076923
5 0.6310096153846154 0.9399038461538461 0.014423076923076924 0.06971153846153846
6 0.3954326923076923 0.7896634615384616 0.016826923076923076 0.06971153846153846
7 0.1310096153846154 0.6274038461538461 0.016826923076923076 0.06610576923076923
7 0.19471153846153846 0.6298076923076923 0.013221153846153846 0.06971153846153846
8 0.6646634615384616 0.9338942307692307 0.020432692307692308 0.06610576923076923
9 0.6838942307692307 0.9338942307692307 0.016826923076923076 0.0733173076923077