0 0.46634615384615385 0.9290865384615384 0.02283653846153846 0.06971153846153846
1 0.3245192307692308 0.6346153846153846 0.020432692307692308 0.0733173076923077
2 0.33774038461538464 0.7884615384615384 0.016826923076923076 0.0733173076923077
3 0.14903846153846154 0.03485576923076923 0.013221153846153846 0.055288461538461536
4 0.5564903846153846 0.9302884615384616 0.016826923076923076 0.06610576923076923
5 0.5204326923076923 0.9326923076923077 0.016826923076923076 0.06971153846153846
6 0.6454326923076923 0.9302884615384616 0.018028846153846152 0.0733173076923077
7 0.1310096153846154 0.6334134615384616 0.018028846153846152 0.06971153846153846
7 0.19230769230769232 0.6334134615384616 0.018028846153846152 0.07692307692307693
8 0.5757211538461539 0.9302884615384616 0.016826923076923076 0.0733173076923077
9 0.6814903846153846 0.9338942307692307 0.020432692307692308 0.06610576923076923