0 0.5012019230769231 0.8725961538461539 0.018028846153846152 0.08052884615384616
1 0.5889423076923077 0.8762019230769231 0.01201923076923077 0.07211538461538461
2 0.5168269230769231 0.8737980769230769 0.018028846153846152 0.08413461538461539
3 0.546875 0.8725961538461539 0.015625 0.07211538461538461
4 0.5769230769230769 0.8798076923076923 0.01201923076923077 0.08774038461538461
5 0.5612980769230769 0.8762019230769231 0.016826923076923076 0.08774038461538461
6 0.19831730769230768 0.5841346153846154 0.013221153846153846 0.08052884615384616
7 0.19831730769230768 0.21995192307692307 0.016826923076923076 0.08774038461538461
8 0.5985576923076923 0.06370192307692307 0.015625 0.056490384615384616
9 0.6622596153846154 0.8762019230769231 0.013221153846153846 0.08052884615384616
7 0.22716346153846154 0.5817307692307693 0.016826923076923076 0.06850961538461539