0 0.5300480769230769 0.8798076923076923 0.018028846153846152 0.08052884615384616
1 0.515625 0.8834134615384616 0.010817307692307692 0.08052884615384616
2 0.7115384615384616 0.5985576923076923 0.016826923076923076 0.07572115384615384
3 0.6766826923076923 0.8834134615384616 0.01201923076923077 0.07211538461538461
4 0.5841346153846154 0.5985576923076923 0.013221153846153846 0.06850961538461539
5 0.21153846153846154 0.59375 0.01201923076923077 0.07572115384615384
6 0.6875 0.5997596153846154 0.013221153846153846 0.08052884615384616
7 0.1971153846153846 0.22956730769230768 0.013221153846153846 0.08413461538461539
8 0.6466346153846154 0.8822115384615384 0.013221153846153846 0.06850961538461539
7 0.6322115384615384 0.8822115384615384 0.01201923076923077 0.07572115384615384
7 0.5877403846153846 0.8834134615384616 0.016826923076923076 0.08774038461538461
9 0.19591346153846154 0.5925480769230769 0.018028846153846152 0.08052884615384616