0 0.4963942307692308 0.7235576923076923 0.016826923076923076 0.07211538461538461
1 0.4675480769230769 0.7259615384615384 0.01201923076923077 0.07572115384615384
2 0.2283653846153846 0.59375 0.016826923076923076 0.07572115384615384
3 0.6550480769230769 0.8762019230769231 0.016826923076923076 0.07211538461538461
4 0.671875 0.8798076923076923 0.01201923076923077 0.08052884615384616
5 0.5528846153846154 0.8762019230769231 0.015625 0.07211538461538461
6 0.19110576923076922 0.5961538461538461 0.015625 0.08052884615384616
7 0.19230769230769232 0.2283653846153846 0.018028846153846152 0.08052884615384616
7 0.5264423076923077 0.8774038461538461 0.01201923076923077 0.07572115384615384
8 0.5829326923076923 0.8774038461538461 0.013221153846153846 0.06850961538461539
8 0.6418269230769231 0.8762019230769231 0.015625 0.06370192307692307