0 0.5012019230769231 0.8521634615384616 0.016826923076923076 0.08052884615384616
1 0.5733173076923077 0.8581730769230769 0.015625 0.07572115384615384
2 0.5168269230769231 0.8557692307692307 0.01201923076923077 0.08774038461538461
3 0.6622596153846154 0.8581730769230769 0.015625 0.07572115384615384
4 0.5913461538461539 0.8581730769230769 0.01201923076923077 0.06850961538461539
5 0.2127403846153846 0.5745192307692307 0.015625 0.06850961538461539
6 0.6778846153846154 0.8581730769230769 0.015625 0.08413461538461539
7 0.6057692307692307 0.8557692307692307 0.015625 0.08052884615384616
7 0.5456730769230769 0.8557692307692307 0.015625 0.08774038461538461
7 0.19831730769230768 0.5757211538461539 0.013221153846153846 0.08052884615384616
7 0.19951923076923078 0.20552884615384615 0.018028846153846152 0.08413461538461539
8 0.5973557692307693 0.06610576923076923 0.013221153846153846 0.06009615384615385
8 0.6478365384615384 0.8581730769230769 0.015625 0.08413461538461539